   42.9417503822432     
   30.8506314165174     
   55.1934661489058     
   66.1998599485104     
   28.1671027856425     
   35.0662339147124     
   30.9674894460779     
   10.8610060097882     
   48.0697402043831     
   76.5018310458842     
   35.7507758466620     
   15.0695456800155     
   27.1859579242428     
   64.4888057843634     
   53.6512663088822     
   52.3755946700798     
   37.7797228474768     
   16.7101596719085     
   51.8481632390065     
   26.1225513834921     
   18.1970667631940     
   34.4292924337980     
   37.0147472509181     
   30.7772289144787     
   27.6352921404647     
   65.7721698477613     
   30.3672089230805     
   88.8863977193275     
   10.7479644371824     
   72.9488899549617     
   58.3566235612305     
   72.8309265479924     
   43.6612331164007     
   12.8509834061439     
   34.8624794142249     
   13.0444144411451     
   21.1522218343346     
   4.53649319245215     
   24.7041499539232     
   44.1920386460621     
   78.4331774609799     
   45.5340401769236     
   47.7160398599924     
   8.02219902967641     
   18.0059854747330     
   30.0419355456770     
   24.0752740228014     
   23.8773263685660     
   23.4242507299522     
   29.5676502263583     
   43.0621723567860     
   14.5612685829246     
   49.3506683484657     
   64.1986664364525     
   61.0224576707308     
   9.47940846725303     
   16.5396752818388     
   13.2653088078276     
   63.7337975904924     
   4.78577496880497     
   55.5742573463782     
   28.5031514974897     
   30.3000557892860     
   16.9136912170381     
   62.9601419426230     
   25.5402482293450     
   45.2344488768375     
   28.2145310690703     
   62.6462033222298     
   33.8846250707125     
   50.8904966831928     
   41.6522662992309     
   20.8924805049890     
   5.34880658296139     
   57.1410286007143     
   83.8467773161181     
   20.0118529994491     
   32.1592886964558     
   30.6476740737378     
   18.7604991643394     
   45.5113390759096     
   29.3681748766581     
   49.3924797069310     
   40.8892571484105     
   36.4842821304426     
   38.0125906747665     
   50.7315225191623     
   46.2801193949179     
   37.9767570463888     
   27.1898237443791     
   14.4693943815695     
   35.2271749872001     
   36.4056157233458     
   41.1587827616313     
   14.9409376580977     
   42.2493829350767     
   58.5179701904753     
   18.0454883858995     
   21.3208489921604     
   36.0258034281400     
   60.5525764604076     
   27.4410327524214     
   39.7718334897409     
   32.6329870739062     
   21.1696470133873     
   5.73994837368188     
   21.1129660073803     
   34.9448670202337     
   24.1163050561478     
   38.9244473746664     
   16.0316902850575     
   26.7328414015691     
   63.0179486449437     
   54.6373070077238     
   16.3313697056653     
   16.1090180590282     
   73.1234538202308     
   29.6712439000641     
   35.9453634738779     
   27.6579765468644     
   14.9155265525701     
   35.5225176806244     
   6.80487633075403     
   68.8639319868490     
   74.0799738936560     
   54.5592245646253     
   55.8313501238047     
   71.9350602056016     
   58.8346843534361     
   32.5012386421216     
   59.8489121354770     
   27.8715031860037     
   47.5489580587502     
   37.5777356995826     
   30.7818494048024     
   84.4795043547876     
   44.7311646294906     
   87.8778546507588     
   49.0059817781933     
   44.2151642733186     
   14.3303862718229     
   13.3901960003372     
   15.8676299348509     
   18.3757496473831     
   54.3149082736178     
   57.7105003786627     
   83.6849081955003     
   70.8369100843396     
   54.3229411132954     
   55.8288374141086     
   92.7261804073085     
   32.8452263667076     
   6.86646560633114     
   63.5690614573005     
   61.8395591371117     
   21.7369717762555     
   40.7003418948163     
   64.2699985099295     
   67.5761943671216     
   70.0474368799454     
   29.6215523329922     
   27.5732360858534     
   31.2584971710194     
   50.1482436120240     
   38.6858687630948     
   30.0379653573386     
   3.28917648962457     
   42.7166417429014     
   41.1762500778469     
   70.0149814261471     
   44.6133664359695     
   74.7170221456010     
   13.5350602071094     
   33.8099803337545     
   24.2550828453552     
   11.4039377219105     
   19.0590907514709     
   78.3170135500621     
   110.706400366563     
   22.7861102463278     
   54.7465904242265     
   34.5686711221488     
   54.5163804871289     
   65.1660890293768     
   23.1208895752887     
   54.1913048567089     
   13.2788189843627     
   40.3529958939125     
   72.3519433004115     
   32.9754657712641     
   9.70044508652057     
   33.4957606901877     
   25.7075531145020     
   32.3522217067834     
   24.2622837709080     
   73.8234515177133     
   99.5342199589728     
   55.5254170821112     
   21.4493978127428     
   73.0570847904839     
   99.7667946221472     
   10.5607622544508     
   46.7956036177636     
   77.8558492654999     
   61.9521322382646     
   39.5053408671354     
   54.7010772641204     
   74.4523469253138     
   90.2495492398493     
   14.5617749110637     
   27.0155946152123     
   104.666825989041     
   45.1121716368404     
   25.6944734829380     
   12.5551522001310     
   48.6479648806982     
   16.0294438475015     
   66.1346376091452     
   24.0505112156844     
   33.3413529983863     
   26.4635778726720     
   17.6301973176249     
   58.9060262507167     
   64.0973940611503     
   61.7624680255310     
   15.5115645196186     
   45.9374430046060     
   19.6268312144207     
   45.1528692829739     
   41.6896451712508     
   34.7040457400844     
   13.3927128937158     
   77.4085279861231     
   45.4486349695752     
   34.4356634596420     
   28.1101626464377     
   51.3919670735104     
   39.9690401708055     
   29.7758009277641     
   59.3896991912058     
   15.0340032103448     
   60.5518100874367     
   36.3041552668247     
   9.17737843743270     
   28.0084039049429     
   64.7077542114433     
   44.2524408165387     
   43.0644650230988     
   16.3433188225094     
   29.7861404608485     
   50.0941326897429     
   39.7360589654859     
   43.8859410005878     
   59.0062606599308     
   10.2039585706526     
   43.8022809874727     
   31.8743533577100     
   30.7014907483387     
   44.6928429364280     
   79.9246193931928     
   29.8646841497036     
   50.6910666582367     
   16.5789836353360     
   34.0751015380080     
   5.20509244769001     
   49.0810990716046     
   27.5280194644634     
   26.1774347852220     
   50.6616894960714     
   56.3024414912647     
   51.0886377517110     
   10.5054314013675     
   25.6184370239656     
   12.9478357977241     
   104.297768574551     
   48.5136303880605     
   4.56881890969446     
   40.6757603393332     
   50.1985697866840     
   39.0599805040914     
   32.9665914728632     
   21.4908786409475     
   46.6014422841777     
   57.6954527937830     
   19.0613252456216     
   33.7678597159021     
   41.8979521284096     
   40.3668642081533     
   21.4720621931069     
   41.5414545820450     
   19.6386787641977     
   46.9670228385411     
   80.6406424387118     
   25.0188444395930     
   22.3351832142852     
   67.1557588725221     
   71.8119548931716     
   28.3903400616881     
   44.9035117548234     
   53.7172810457120     
   75.9962374426817     
   49.7320735273327     
   20.0988408178381     
   10.9153386032712     
   25.9841758719232     
   17.9617813735107     
   24.4426428357850     
   71.8999255669926     
   72.4738013442935     
   63.5377858982446     
   15.9613838503214     
   33.7165615862100     
   35.9202430594755     
   57.5697425928144     
   21.3944753337437     
   24.3064505287378     
   34.5748523968817     
   62.6565547680587     
   28.0320970059214     
   69.4250376612664     
   32.1046358243733     
   35.6751026299013     
   94.0679214337534     
   47.1967784250452     
   30.4986690242012     
   17.5539777926750     
   33.7401145373946     
   36.0430694314574     
   35.7422641736793     
   15.3304136543953     
   2.58411703926335     
   55.6063686265866     
   53.2301774464052     
   51.3594673678799     
   31.3474866132954     
   52.4466286136465     
   45.7903374648789     
   37.1874321640079     
   34.0991017668207     
   9.72552914950116     
   74.2423316530751     
   73.5192737235427     
   44.9287934648911     
   38.5039225744371     
   22.3017776861868     
   35.9733105819276     
   54.6689972130799     
   80.7998492135497     
   34.6469683908337     
   57.5033238024702     
   23.0064286911928     
   32.6452376365411     
   14.8353300038030     
   34.4512931416351     
   3.96205887274655     
   42.7937514969147     
   57.1679469019532     
   67.5324413089152     
   16.0344578732936     
   40.1405902319552     
   10.3659277633020     
   63.3783006379818     
   23.6389481828888     
   40.6671370037225     
   53.0538337235788     
   4.70749891968437     
   48.9102512095675     
   45.6655932485981     
   13.7920033945360     
   8.90313040970313     
   36.5899759955981     
   49.4160069491444     
   69.2878571294952     
   47.0746661169447     
   39.3909563631667     
   11.4861960564212     
   11.3278079566400     
   33.5431788215554     
   4.31688024872359     
   51.8432695587511     
   18.0898868133227     
   14.7984659271230     
   50.6298624478789     
   32.6790968913407     
   37.5631836092326     
   16.8642110780396     
   33.6810028522488     
   26.0377892015666     
   19.2760464004570     
   38.4033964450590     
   18.4002390502063     
   40.4013955937144     
   6.95668070150519     
   52.7409382871835     
   21.2843128276334     
   20.7224154816472     
   43.8734494768992     
   74.3564878112818     
   26.8124850293283     
   30.1161207704611     
   3.32561522423617     
   39.0746028512382     
   18.5894727105913     
   32.3803453794684     
   24.2608786670963     
   59.4120349459966     
   16.6015183301418     
   24.9393109072910     
   36.3106104837205     
   24.9592109826287     
   34.9263590356375     
   33.1957327349825     
   21.8645769588181     
   15.9034050256997     
   16.4909979427963     
   23.4556086642216     
   29.0237840829434     
   17.1387520200603     
   49.1314184217331     
   10.4854783261711     
   51.4357164217201     
   19.8908824441966     
   50.2188485685304     
   26.1186938738611     
   25.5329689759259     
   60.3004501449361     
   29.0762816834223     
   27.7125968373716     
   15.1899361873433     
   14.9851709642869     
   19.0992251940050     
   12.2295320973563     
   39.8906209245680     
   69.3653406061616     
   17.4163526850064     
   37.5180379170047     
   19.6902048247811     
   88.5769519862447     
   24.4086291283375     
   18.7453820210692     
   36.5873177288285     
   28.0911959190358     
   76.2371658292374     
   53.0072177272689     
   42.6929192328793     
   24.4479422951202     
   36.3964544020046     
   38.3225471213989     
   52.8308290933776     
   47.2504022142047     
   53.1931522590607     
   68.3120991489648     
   51.3484059040358     
   34.1853147346084     
   50.0573445301876     
   87.6084396041260     
   37.0563679559466     
   27.3578896525205     
   57.1947064326548     
   15.2296097840042     
   51.3141585801689     
   44.9864778843794     
   67.9670758279593     
   53.1985023835674     
   62.5061620014523     
   64.1674227264874     
   3.80584223839619     
   27.7043403090565     
   27.1400686604819     
   43.8895636333823     
   55.8951014198753     
   78.0018219375059     
   71.3111750194687     
   63.6812465096486     
   24.2924804715464     
   44.3348447018346     
   51.6077379919152     
   40.4122148891516     
   4.97590991096656     
   5.51137017399199     
   48.5860753858698     
   8.59401368117726     
   16.4006167720873     
   36.1753082646239     
   54.9598051244882     
   72.4847038062723     
   27.4803694230479     
   39.5201173550509     
   28.8884240997892     
   45.3121488619726     
   38.5903584785709     
   14.7112855818085     
   32.8166340680080     
   53.5467874606035     
   57.1913693391519     
   14.1462316131926     
   37.7909181502799     
   28.4849646998619     
   14.0690204375040     
   57.7222806543930     
   38.7896853237750     
   26.3784472177207     
   31.3314305611981     
   16.7310204085304     
   25.5335904329626     
   66.0194557685335     
   56.3118657072190     
   61.9105667990344     
   31.4656338367161     
   20.4519950066388     
   53.0317999490986     
   23.0810219715158     
   81.4361043122315     
   54.8850200361283     
   8.69137299066050     
   45.3369668950510     
   22.6301186130869     
   61.1342235449272     
   56.7978088837425     
   51.2778381076658     
   7.80977894524845     
   17.2642665780940     
   55.3696668899489     
   43.1508550671532     
   44.7994360828258     
   17.2330960585496     
   18.0628426913789     
   24.4301687452372     
   28.1338210711132     
   46.8596591992314     
   34.3929322133218     
   64.3793159244757     
   62.6006181584756     
   22.7993877239064     
   34.7466390282444     
   37.6188059013125     
   37.6277811335555     
   33.2814208034670     
   45.9828397227065     
   56.8731022709200     
   70.9241642466831     
   21.1315975205664     
   11.9393726816560     
   54.4818535130737     
   36.0500872582646     
   22.6644454838765     
   39.0491175533900     
   23.3993517903559     
   35.5530521091888     
   49.5613843055912     
   54.3290114280139     
   45.0699774225013     
   59.8790646374891     
   29.9318685439411     
   20.6715374583854     
   23.3655626289663     
   39.1049994046185     
   26.1835211282874     
   6.36532043101999     
   27.2940567927440     
   42.3152036652117     
   55.3381111543710     
   33.1856558564623     
   42.7690867743688     
   19.7287782472680     
   47.4685584946187     
   17.0327436014449     
   36.7947605816159     
   13.3594426778578     
   22.0172441775877     
   70.8637907128767     
   73.7359456840516     
   6.58392384814006     
   53.7263058098105     
   44.6259953947908     
   88.2000880765545     
   15.2674177938498     
   32.7581235045427     
   57.0425920553173     
   41.1369773188676     
   6.11860048218235     
   48.0601088983491     
   45.4441214090946     
   30.4254275685880     
   85.4350437386646     
   50.3121171711076     
   19.9696468445249     
   36.7753973717659     
   42.5929170713931     
   45.8390102654169     
   24.0512491077558     
   30.0019797193746     
   13.8134580793866     
   59.3701235078541     
   23.1004383256815     
   51.3153732912739     
   73.7184367645268     
   50.5914528371141     
   71.1639517834765     
   63.1965975440768     
   49.5625252133020     
   11.1675141278351     
   32.1452450595170     
   6.02208814019785     
   55.7436122562071     
   16.3513750059191     
   14.5357834700588     
   40.0058887397743     
   48.9432569300323     
   71.7214082366629     
   99.7666356373196     
   73.2070598281263     
   6.46807389091337     
   19.9331460893315     
   60.5519028989424     
   68.0740046654505     
   30.9998338812062     
   12.6955786766505     
   43.8881009692237     
   33.9578489590806     
   30.6152877871518     
   56.8545542953602     
   68.9382272880052     
   58.5203377747713     
   40.0082084544097     
   52.9628560741886     
   36.7807348166373     
   61.7797488992064     
   60.6723770031317     
   24.0034041163546     
   43.3821108556706     
   65.3902363504430     
   28.0231862215258     
   14.6646079007339     
   40.5767976672117     
   5.61637327512025     
   12.7419932929052     
   34.1293889027921     
   30.9480715767089     
   11.7098571312048     
   50.0714312704429     
   51.2115215262066     
   45.4666166918829     
   42.9325901678311     
   18.6853656721228     
   94.5374575114850     
   53.7386975661331     
   20.7592602162172     
   36.7324618755584     
   17.0102456343941     
   36.3668809038219     
   26.4551287280989     
   39.0360178511095     
   72.0011152961717     
   24.3154217809914     
   38.5325220620193     
   7.03470420241465     
   19.8972319815414     
   49.3610324132454     
   16.1745024845815     
   26.9936487808633     
   9.64839624793525     
   7.25709720080990     
   42.1743348969446     
   15.0322045919836     
   31.2593425017302     
   12.1106207014407     
   62.0777866113830     
   41.6465010437974     
   47.7768395077117     
   24.9991111072918     
   4.63132109051055     
   75.7652555074779     
   52.9405972895781     
   77.9905009989734     
   30.5268359296214     
   59.5650629937713     
   24.7876649537749     
   47.7168553447586     
   63.7314154007840     
   17.0818645123835     
   18.7116909294864     
   21.9338241886815     
   25.5642478677950     
   31.9163945151844     
   45.9974061865995     
   38.5177028209409     
   43.3948313417032     
   41.5161450251113     
   17.0681118239747     
   40.9083644132713     
   45.0542870765197     
   21.4517846072753     
   41.4483428407584     
   66.3879616780339     
   19.5893430488789     
   63.8365605656620     
   70.6583821138467     
   14.3831156841430     
   49.8592207909412     
   61.2307309478087     
   28.1081405260586     
   19.5196214776208     
   13.4459650804358     
   22.2423300564506     
   39.8154349826019     
   48.3383197344061     
   37.2761960034714     
   15.0562904858273     
   21.8475705076501     
   15.7110728682612     
   12.0434949420294     
   45.6341565389017     
   75.5639489665434     
   41.3605115755938     
   59.4086212371368     
   37.9562403436221     
   28.3494549269802     
   20.3046409617186     
   41.4427017001096     
   25.8970830349466     
   20.3970349113306     
   49.6880490205949     
   68.4934087613573     
   88.5086475377517     
   29.0638920525095     
   30.7279256424371     
   58.8687930218712     
   18.6952002098278     
   35.8835182800410     
   27.5726332857231     
   42.2076728428800     
   67.6501083695898     
   62.7090537101601     
   20.1651738546977     
   7.86288944231920     
   67.7552666467059     
   2.57762869121748     
   16.7466918676482     
   39.3141644122570     
   98.7152936562483     
   74.8022494446146     
   64.3293596321878     
   9.07885120081021     
   62.8741596656706     
   17.3267773998525     
   32.1589159280426     
   16.9710384829148     
   55.8273708369962     
   46.8904938566621     
   55.7913469436072     
   49.8526215884117     
   48.6374998008583     
   37.9237725185665     
   5.99130031876934     
   40.4427902938349     
   74.0114957495382     
   43.0211388351703     
   24.5791070455080     
   36.2795012807487     
   30.9806899035454     
   41.9771575142305     
   11.5066644678020     
   47.9737369576954     
   70.0508493331141     
   35.5793772070055     
   33.5674594287428     
   22.4627814629746     
   38.1630639945876     
   24.8150717828366     
   14.9556662832592     
   47.4582661869557     
   41.0569061074666     
   47.3854094516360     
   73.1285100213183     
   47.0735705753738     
   42.8797616855513     
   41.3839765760615     
   36.3498074068543     
   70.3333195505788     
   11.9723907597477     
   17.5977981265284     
   55.6046668619958     
   17.1855457841551     
   77.4589687883927     
   35.6397582734787     
   46.7946948517084     
   7.72062667978153     
   58.1201073214834     
   30.0048698678627     
   27.9897036016341     
   60.4319619800677     
   46.0789449730447     
   41.8481510404176     
   27.1654483113924     
   15.3201027512398     
   48.3203851633385     
   63.7254791999200     
   15.9771080023097     
   43.3321418956893     
   54.2913623597136     
   38.3027355358227     
   30.9154633740255     
   9.56033336773169     
   44.9612882584941     
   34.9261471122190     
   11.1613504451628     
   69.7921395727161     
   38.3731345310901     
   34.9733961527714     
   15.8795212788412     
   20.0871307701151     
   10.6398975179928     
   13.6467578633760     
   8.83938975616090     
   51.2284308170466     
   70.7701397541290     
   36.8933878010221     
   6.75906950770757     
   26.3571121511044     
   30.2866167295674     
   16.9638622033495     
   29.9979933801864     
   15.6328061297978     
   5.71561743096229     
   62.5256303983407     
   20.8890734248168     
   11.0726925288808     
   57.1306348251531     
   52.8495438497961     
   2.21921996497311     
   78.0279043614470     
   22.7148368258795     
   14.0338552775804     
   41.1408560616184     
   73.0492925388492     
   54.7424705814838     
   15.1280219089754     
   27.4452499826984     
   53.5087398319989     
   57.6593339677113     
   30.1098058561894     
   65.4276623735886     
   53.5058327003391     
   59.9691839396942     
   74.9338268075279     
   37.2501458666068     
   11.1209316980125     
   33.1922171415337     
   37.4766348438133     
   22.1509942266903     
   30.6330103011960     
   36.1241120411764     
   24.0906638983876     
   47.5001108859142     
   44.2205668887080     
   11.8133435188309     
   33.3773694818741     
   46.7078576668933     
   66.8813400062720     
   21.2098099745496     
   18.3984498898303     
   62.1536107689882     
   84.0667091158059     
   42.2747351156672     
   54.9906740605573     
   5.97051283882195     
   66.9111084723593     
   40.5674630005816     
   16.8139316594563     
   16.1756898512156     
   57.6097765022035     
   37.4533439333600     
   30.6800101086100     
   23.6390740228082     
   11.0360451222931     
   30.9476358609588     
   21.0296130770904     
   15.7178093372652     
   33.1159925355419     
   56.5096230158744     
   26.9998353382006     
   33.1058821132861     
   44.8378156427672     
   31.8419690752119     
   81.7556024681833     
   19.6502510106933     
   23.5786316787843     
   26.5551603079526     
   32.1298623289748     
   68.5326618531996     
   33.8269028236488     
   59.0110331192901     
   44.8699952710885     
   14.7026146996309     
   3.32049898151076     
   17.1233991967129     
   70.7444639446372     
   8.86843701794612     
   16.2694356379004     
   46.0275460583406     
   7.25573448153803     
   10.7582419345005     
   49.9834475387310     
   36.7640959677686     
   18.0348152160870     
   26.0880821204308     
   34.8392800920472     
   23.2534389483993     
   53.0980121255641     
   24.6195301175076     
   13.3071902118448     
   60.0407613022987     
   31.6382273801380     
   17.1312953222886     
   15.5528081691570     
   12.9139850237425     
   41.8408506763619     
   68.8420205866755     
   29.4132402471011     
   21.9819648115517     
   9.36303886452997     
   37.1324066421005     
   55.9277145597446     
   48.8231703892896     
   54.3494126669693     
   18.1417390561564     
   46.8552957683533     
   24.7659902146627     
   29.3606267829948     
   58.6972197819155     
   50.0944486238949     
   27.0367992067795     
   65.7219367896712     
   9.80437608297775     
   7.91885818880363     
   10.8579262138831     
   10.0509976711591     
   50.9511471673706     
   53.7443520133638     
   3.52608171543183     
   31.8219841848172     
   19.2806746547185     
   59.6415778509273     
   11.2414277695366     
   11.0602594691815     
   42.0761038394958     
   14.6143657176709     
   61.4141147317843     
   11.0934047410291     
   37.8479237383312     
   50.2969538351865     
   24.1674410454279     
   41.2918626814808     
   31.3897834995837     
   21.6386376459511     
   31.9461057539962     
   51.1489633853741     
   50.4248430509871     
   54.7990439271357     
   32.9142698181957     
   22.4848329822477     
   54.2292461985818     
   27.4442041100547     
   70.6050159463936     
   14.1942787702634     
   44.3352216190526     
   15.8429607280141     
   29.2542975647493     
   31.2038427462679     
   44.8682323090062     
   45.9784866153709     
   63.5062819532369     
   31.3571957164260     
   39.4197357679896     
   62.7149480269198     
   72.7896500920723     
   49.7458280769827     
   4.65197662600357     
   19.6931828606436     
   13.2347085749611     
   25.9243061598636     
   37.4438484090604     
   10.9557479746584     
   16.4099918602284     
   40.0509592084259     
   68.6841792542725     
   62.8464104310493     
   20.4238278595662     
   39.1175078585291     
   57.9478438994188     
   36.2822140951953     
   85.4310136074151     
   33.1915520597001     
   48.0570233942115     
   18.5440075180358     
   77.7854456585353     
   16.8398425401520     
   30.1133024140918     
   52.1320550954921     
   26.0606781426858     
   28.6280205670869     
   44.5700043233664     
   29.3549193767715     
   11.1067712734348     
   81.9354852664098     
   50.6505892891999     
   15.5730300021072     
   48.6144773346920     
   54.6337609597934     
   48.3354639869456     
   20.4659763798506     
   18.7556220955875     
   13.7992651263762     
   14.3988697938893     
   17.9852724445257     
   38.9521092326975     
   63.5724872231246     
   45.7432119133519     
   34.0017688980415     
   7.78064553107397     
   83.2891343521510     
   16.3356787624444     
   20.1902181162375     
   37.1695781682117     
   51.1202601950294     
   15.7690947459505     
   47.8789446735664     
   33.7459497675536     
   13.7796907243437     
   56.0850329459490     
   13.5384562348945     
   17.3493908268533     
   29.5652654232739     
   28.0031138384374     
   30.1162107118603     
   29.5681519768338     
   47.0739493620882     
   93.1066018147827     
   17.9040446449424     
   48.1888017868083     
   38.3750368837737     
   38.2732390870807     
   18.3676844201598     
   10.4960941989072     
   95.7728357860551     
   25.6171404785891     
   31.2401587511385     
   47.0784767683701     
   57.0239428299660     
   59.1107662441728     
   23.1477156055823     
   39.3565419503008     
   4.50320560064348     
   49.3918987941132     
   33.3504909033430     
   28.6360210552920     
   24.4222814869574     
   16.6371363810264     
   38.4584791426002     
   34.2872129029272     
   25.0963617428930     
   39.9361457822166     
   11.6536463795798     
   63.6591580527639     
   55.2847563083994     
   24.9323461061431     
   38.9729835290666     
   2.05247837863083     
   24.6914048409554     
   14.5271449423938     
   36.7498608636083     
   45.0696377090925     
   54.7985718112326     
   43.6787034516494     
   62.6832274793438     
   9.35904975172864     
   45.2577722350006     
   109.121106016454     
   13.1840744702476     
   24.5404746185527     
   45.2748123292691     
   14.9478008138190     
   22.0425378311237     
   35.7696407912008     
   31.8940177491944     
  0.856049869365619     
   42.4997364670128     
   82.1167660510372     
   51.8464730239531     
   71.4349954056716     
   32.5866821901569     
   45.2658527750641     
   26.7937360896283     
   80.5977274072588     
   43.2170412457638     
   31.8678898199796     
   28.8705820101932     
   41.4152090865127     
   30.3028919497235     
   44.0594592123379     
   41.8639856732358     
   17.8238910234750     
   19.5331676203096     
   21.5085618969641     
   77.3090581171159     
   33.7937169590947     
   30.6668798156158     
   36.0653074355846     
   3.67586054012458     
   53.0482991102727     
   26.7283947630506     
   65.8768685338411     
   28.9364520477318     
   65.9786444092504     
   32.4621360554739     
   34.7024302527493     
   65.0885284833401     
   41.5836960266669     
   36.5539374112146     
   64.5882046717117     
   38.8159715701603     
   24.3373578311552     
   46.5922072000041     
   50.5599018356179     
   39.1265907247225     
   62.5591616990963     
   21.4677138951526     
   53.7776109867359     
   53.6516584061753     
   64.0457484769472     
   17.3520201807265     
   32.0976154777458     
   22.8959299649288     
   42.0540095270994     
   25.2886492071935     
   71.8643255220818     
   27.5563844402039     
   23.3929205254814     
   22.7176662219527     
   50.1794614583272     
   4.58459069031685     
   26.1641434273155     
   39.6972573628245     
   27.1447562235508     
   40.3339955024580     
   22.9644932697480     
   41.8915634900846     
   43.4667040300075     
   58.2590745964087     
   46.8581816319452     
   81.3057750404598     
   36.9616517190389     
   77.8147338592566     
   7.68284858704343     
   37.6107451219785     
   13.2034366732643     
   49.6302603870949     
   19.7034843218114     
   68.6490213626041     
   56.3426079913854     
   65.1124852928489     
   19.0311059078128     
   10.0657618148368     
   48.9933813432866     
   30.1019412170255     
   2.15405990265790     
   5.56635198467619     
   25.2361753693427     
   19.2448468715471     
   31.4806980386966     
   74.9848779499519     
   32.7565835457072     
   36.8323107415283     
   15.1429629855701     
   12.4496654095313     
   31.7762262685297     
   18.3692147097458     
   41.2403363315426     
   31.3400504316667     
   51.8018353367684     
   26.9758574562596     
   30.3714247154665     
   53.2480588173580     
   73.1477178936097     
   23.4259779929996     
   77.4459724424939     
   68.4552088406374     
   38.3386788492155     
   55.0589717709348     
   13.4116729402914     
   25.3882658373228     
   68.6233441386844     
   29.0345200431519     
   24.5866927315854     
   24.5953092193387     
   28.5260304770841     
   58.3422433466926     
   21.6698937983954     
   34.1729154616957     
   44.4198011259691     
   28.7613470125509     
   35.8571409857647     
   86.0525773970696     
   17.6971340501660     
   38.8997393111635     
   54.6995291080243     
   26.5493433507637     
   68.5844967242190     
   9.47621359821884     
   70.6057822013094     
   27.9230581672838     
   80.5649539772484     
   22.6663804688067     
   12.0000251852943     
   66.0088486620263     
   56.1542917019785     
   12.5229148733457     
   39.7133646126966     
   50.2655322350288     
   17.0413110813971     
   13.5031477999094     
   20.5691544659060     
   28.1072325768385     
   27.3186000743971     
   29.5422650240709     
   24.3524745250660     
   33.8185674827850     
   87.3055453076206     
   24.6792744028074     
   74.9674883770420     
   28.9924952272682     
   40.6706070807239     
   47.8395919880596     
   29.2487188835504     
   28.0151009698407     
   69.3552913514669     
   20.0325519836600     
   36.6700569985707     
   18.0533192304269     
   76.0059631405631     
   11.5715847716527     
   29.7549211729510     
   37.7504087537446     
   37.6380926407991     
   42.6290407618402     
   63.4374195729729     
   49.1689151005523     
   34.0800494921671     
   9.67585095864400     
   41.5783115277464     
   36.9973602314031     
   83.1415230716764     
   72.2971570489503     
   65.7401344539927     
   41.5128756339398     
   31.6670363792814     
   51.3355152959460     
   40.4666396908618     
   30.6275928286110     
   38.1764107222280     
   68.1656610791513     
   51.0506111811576     
   43.0211195440949     
   48.6910479239288     
   32.4757931249255     
   35.9072167203978     
   17.6951620553690     
   30.9689979344651     
   7.11142927066316     
   20.3621501748860     
   21.0356471749972     
   30.0495231849964     
   14.5988277901232     
   76.6448339366277     
   46.2603477916008     
   54.6519043514592     
   72.1215528059546     
   73.4888041073074     
   37.1931687269700     
   61.1217622464442     
   72.5720301075351     
   20.8388295974516     
   25.9318194091723     
   47.0582661550925     
   13.7099005804209     
   17.0297375001182     
   40.6777310976088     
   31.5009384152100     
   23.8422234121681     
   23.4293763799972     
   26.6432392613829     
   20.0981164347763     
   28.1375352489649     
   41.4114188750551     
   37.6769597150543     
   11.0031217618435     
   35.4218822463383     
   42.1129926032546     
   65.9208561948663     
   45.2735560131173     
   38.9567608881996     
   32.4418554202793     
   39.3158971874692     
   85.3225060511406     
   53.7568432556757     
   67.3998135731527     
   38.0146019387728     
   32.5275194283492     
   24.2481956010639     
   39.7303603070645     
   7.78882723491144     
   18.7731627737643     
   66.5766969953817     
   16.6684435781932     
   74.3814528332445     
   30.1774473582205     
   34.7943322550015     
   52.0123323204031     
   43.5045115172821     
   25.7340314057724     
   23.1239908147563     
   28.0340906007774     
   14.4415952828553     
   37.6159552650681     
   42.0083395204414     
   59.4337772128116     
   38.0977465435588     
   65.6272098874113     
   3.01075073469887     
   13.7984614504981     
   48.5694510706756     
   15.8933126392485     
   11.2007596955009     
   12.3050105521826     
   79.6449556151450     
   30.1539506833431     
   33.4865950239962     
   51.0414826532644     
   34.6849050375934     
   51.9006796053351     
   39.8244754344535     
   63.4689733583962     
   41.3870233196786     
   48.4206148246975     
   15.9869814135061     
   59.7121042758226     
   25.5184938216221     
   86.5746926027951     
   69.7344031434931     
   25.1571731772346     
   51.0364751420516     
   1.13826678249132     
   29.4859107289026     
   65.2693239031966     
   44.1881254372042     
   39.1293496633189     
   31.0556597360639     
   29.4238849647006     
   42.6088670819495     
   28.2432656966646     
   22.6024175388581     
   27.9721114089194     
   45.5657409998079     
   37.7997980707181     
   22.1737145106937     
   48.8450183186908     
   9.30820861706410     
   24.2611530795824     
   66.1261942451789     
   49.2551367569978     
   22.0811545981376     
   26.7427332433797     
   45.2794953111618     
   33.3001092821557     
   7.32362298948142     
   43.9472306300524     
   47.4360927042907     
   29.3140848685689     
   58.7381808634940     
   23.5254818160283     
   39.2465472562321     
   53.1809986110012     
   43.4774732511050     
   49.6071798666747     
   64.1572373456287     
   40.8039434407724     
   36.7203991902944     
   29.3677353269746     
   82.6298414080360     
   46.9567671892680     
   57.5822851081260     
   37.1481872554247     
   33.8239996243978     
   28.5327769759236     
   50.1092291746384     
   29.0528590607657     
   26.6678811474822     
   62.5554849075880     
   11.6447180053148     
   60.0430370254450     
   24.6549820529665     
   21.4687795254089     
   53.0321685074662     
   16.7765497582423     
   68.7105134992766     
   31.8083646582137     
   31.6475194312126     
   1.41921736830345     
   44.6948593684852     
   56.8784296935739     
   31.2437075698826     
   13.6287051805059     
   30.8899736139577     
   33.1848329778652     
   9.51572268595530     
   6.11834994140342     
   31.4885204966263     
   65.0446873300714     
   95.8810800174635     
   1.92487720018607     
   41.6381680324876     
   69.9507300135280     
   47.9226712785735     
   34.5201262413806     
   29.6869894119614     
   65.2694536469048     
   51.4350382578869     
   54.4434197228837     
   26.8425402407516     
   22.7788379050859     
   25.3823020722983     
   72.4059174026008     
   42.4945173967262     
   8.80489350905125     
   35.3063248346951     
   6.41564865128268     
   60.4815387424561     
   78.4942983388921     
   69.9426957200186     
   51.7669702679941     
   29.6519903391128     
   57.3023344140054     
   58.9697056058687     
   59.6623934279325     
   10.2702773218619     
   32.1763569622405     
   37.4807406964510     
   71.1267022957109     
   30.3566543720718     
   13.7844023015869     
   52.1099334671987     
   35.8047813220719     
   34.5380900551751     
   28.3874568064315     
   45.5243283763655     
   27.6104348056962     
   22.8655102516065     
   67.9974324324371     
   11.0529375601759     
   30.6172113896226     
   23.9786036641239     
   21.0376446491799     
   73.7411179173175     
   75.1687200290934     
   28.0579193742744     
   27.5256690806133     
   26.7557492116059     
   67.4467059964540     
   20.1021966692160     
   39.6078685194439     
   33.4945699369143     
   25.0075988171310     
   33.2711313196315     
   36.0324502228057     
   40.5964186816873     
   13.7534463105376     
   8.78981323733270     
   36.0938341018789     
   61.8975073635933     
   13.1811522324743     
   62.7793489767922     
   28.1398831880679     
   14.8036884073164     
   33.0115277924672     
   66.8919740072775     
   8.96780833893237     
   65.9379469684732     
   28.2999897794589     
   49.1749669731130     
   27.6459079541166     
   37.7107060752976     
   35.9420709185747     
   18.3751341575972     
   32.7451674410172     
   47.7807343433222     
   29.0466112154855     
   13.8309192171516     
   44.6125510749783     
   33.2456504436440     
   56.0782304853469     
   42.6593588833865     
   43.3612394190021     
   13.9007490174100     
   49.2481487353542     
   8.23251095729500     
   11.1912874221530     
   61.0457540021075     
   49.8741831587230     
   15.5475530664780     
   43.9553438926868     
   22.7388111896147     
   30.4148228562791     
   62.9657339543162     
   45.7056884157563     
   49.2564048422529     
   22.4551166089841     
   58.6058618707778     
   25.2720182215917     
   32.9752524440176     
   83.1829925330945     
   48.7087459682305     
   38.6825000773992     
   81.6530408749599     
   29.2494715069869     
   44.6570692733466     
   24.3015820498640     
   58.5309492458957     
   43.8326439670524     
   57.3895298531228     
   74.8481373427418     
   56.6352528643216     
   58.4840044509460     
   22.2996140861088     
   51.2188849785717     
   45.0763188949491     
   62.8785290885400     
   35.9582484969072     
   64.9222039266527     
   33.4680890488239     
   16.4616311110489     
   53.9448311673863     
   40.0875786903175     
   64.7190812088747     
   26.9850263251791     
   28.8988221349627     
   32.4173806447199     
   59.3501854856280     
   58.0061744702736     
   10.9003070771255     
   69.2850278937040     
   42.7317175441932     
   41.9616353957654     
   65.2807542904529     
   14.4848756035538     
   85.5694463282364     
   54.1130364603942     
   39.2296839313357     
   31.0816416372038     
   5.65314571855149     
   16.9701111531487     
   40.5702582668835     
   51.6292012058676     
   102.020022094542     
   35.7577599955623     
   72.3768531516437     
   17.8480836332559     
   42.4294227596683     
   34.3713989074955     
   20.0879897799733     
   49.5954245620500     
   7.06154853974642     
   70.1288999972820     
   55.3892129074293     
   40.2451175367691     
   34.3633050320088     
   38.5788434329793     
   53.5427550194821     
   16.7785428682668     
   55.2339771993660     
   58.8447594276605     
   27.4911520119291     
   9.28245100624530     
   10.6081459556236     
   31.8691568712879     
   57.0669565171068     
   23.3571478912477     
   45.8329872222006     
   55.9972564008180     
   19.2747722135148     
   70.8321672358496     
   100.993688144866     
   17.1930992951532     
   42.7705085493657     
   4.71569427960252     
   17.7096922020424     
   45.1809224224570     
   53.1386762033687     
   52.5193442364640     
   37.5629044311527     
   66.0280217875128     
   37.8376172478597     
   44.1256778341854     
   25.3665222969049     
   41.0805180365365     
   67.0659904143582     
   21.2881185766231     
   42.0279540058910     
   35.1878140123187     
   38.6859702776977     
   66.3634427674875     
   16.8449476431049     
   14.8725156417727     
   6.43965398400559     
   9.55052916589192     
   8.09533749637887     
   41.1521795147683     
   22.8120108399229     
   51.7054457749484     
   15.9127137687530     
   19.7375027698812     
   73.7242996583691     
   60.5237889412390     
   19.4635595498574     
   27.7191412938432     
   52.6025011796780     
   58.4209651843313     
   15.7903373112755     
   31.5496370696317     
   36.9427107322935     
   73.0196639797662     
   16.4230103973644     
   34.0182132593928     
   66.1377077889026     
   9.35428242850686     
   23.9696927304010     
   38.6720641999581     
   47.7796326230070     
   56.1760353204044     
   6.28379004908247     
   38.9634141451278     
   47.4896367421940     
   14.8969807327014     
   26.7084589237004     
   60.7898756503430     
   61.9201157372496     
   40.0773024335974     
   27.5298947819671     
   26.4817422005484     
   5.61786078774600     
   35.4122137083648     
   61.2033394628081     
   36.0277511759040     
   84.2341235872386     
   26.7835473356652     
   8.03716237014586     
   44.5802909828127     
   50.5765165916912     
   42.1201653372318     
   41.5289978708701     
   40.3579450908277     
   41.1257173836080     
   18.8715968654054     
   45.8912169088101     
   48.1410225114581     
   18.1037636728377     
   28.7214765115238     
   37.8805936964340     
   27.6427632083042     
   38.3889036837461     
   65.5047564569206     
   55.2851555656102     
   69.5265844053970     
   23.0706443903022     
   33.8485109094012     
   37.3816211995194     
   34.8041755323678     
   53.3384227535136     
   24.9831560931092     
   14.2606388039738     
   5.13652310557077     
   37.3719586680920     
   31.3649678344577     
   6.09212952656863     
   14.9617324331199     
   51.7423529289833     
   40.2901315227761     
   21.3013562587388     
   3.88249437960172     
   7.87579982192040     
   22.1416700768968     
   21.3463292023974     
   26.5429722568792     
   50.4486302246798     
   53.9686220130633     
   62.1364823267096     
   48.8115512791694     
   27.0642797901753     
   58.8074947983768     
   34.7362374411606     
   10.6070202560503     
   37.9669609088489     
   22.7444866719715     
   24.4214035287754     
   72.5564152624298     
   50.4883420067136     
   52.6899409700089     
   27.5827053954946     
   28.2222677505337     
   19.3215618968354     
   32.7756218595960     
   30.5087830515612     
   45.4653873340978     
   48.7785042141161     
   52.0147024710474     
   19.0920711241731     
   15.5834137909603     
   77.3930791014905     
   34.8852987597264     
   88.0984403869089     
   39.3640712793191     
   44.2801183933121     
   12.8575442303706     
   22.0893875461951     
   36.6536516818571     
   52.6196537977850     
   64.4961235627307     
   28.9419812782239     
   28.5938243802310     
   73.5274081988627     
   61.6567689122326     
   44.0887629362255     
   35.1819954855532     
   42.7480833681905     
   12.7081025005733     
   30.4721069286382     
   48.6507736706422     
   51.6640942493111     
   23.0640238319855     
   20.6159821116406     
   12.0551933372810     
   56.6076123589991     
   24.5969514151958     
   58.0128631354901     
   74.3976307996623     
   42.3234482683587     
   59.4043924273834     
   56.6436696930951     
   25.9511984296396     
   31.9332606456401     
   43.1219966043368     
   34.6353944379815     
   35.5921333860023     
   73.3463688498953     
   71.4913217486948     
   32.9078307453591     
   5.19473499437472     
   22.8484651582426     
   46.6138381204311     
   25.9666456637472     
   34.0939224345086     
   43.0851268889451     
   48.6182002414118     
   46.2615172465660     
   66.0719142543095     
   37.0791170254678     
   50.0529493689290     
   17.8547734855373     
   74.9339044255168     
   10.1566208724515     
   49.6257302131953     
   49.0236203765046     
   20.7635738384487     
   42.0461868686913     
   57.0059214440016     
   35.2199751490512     
   46.0801566921627     
   48.8187191401243     
   17.2930257948428     
   78.4254242262150     
   56.4032702433983     
   20.0013263819818     
   39.1670248174086     
   35.3197310011434     
   56.8449636495711     
   26.3237042596157     
   25.0098109602243     
   34.2373315328350     
   51.4185235484227     
   53.1794542512037     
   29.2833658224259     
   61.1476620899419     
   64.0065028408611     
   73.8880497881557     
   31.5051975795857     
   63.3365806581481     
   18.1004691383036     
   60.8963716072518     
   16.6332840781774     
   62.3625935911505     
   35.3105852967547     
   38.8672385108185     
   53.3898950401474     
   27.4524949531766     
   48.0531115682239     
   46.0019296204349     
   53.2481825361690     
   92.1031964464644     
   33.1093112651290     
   70.0520089932935     
   27.1375499626732     
   58.1433772414955     
   9.93900450570482     
   38.1229452866944     
   18.7758808751209     
   72.8774052377086     
   9.48126438858789     
   64.7100557425673     
   12.3331859414536     
   40.0714151608078     
   38.9224206923287     
   39.3941396208095     
   7.62830250760403     
   31.7933213621962     
   22.9702009906348     
   76.8176058756714     
   18.0577804397841     
   69.5215398145103     
   18.9607193421014     
   32.7687317037850     
   21.7524324682137     
   33.1926780852246     
   33.5011830472610     
   21.4246798652126     
   32.4358800846144     
   51.1811102859673     
   34.8672112979242     
   36.6113590844598     
   16.7114393702705     
   26.2104129655513     
   45.1159550551035     
   63.2707131139249     
   41.2433210140083     
   27.6062140551971     
   31.9619128647498     
   39.7353052037366     
   9.84147093278173     
   17.9510359669455     
   49.2788086855387     
   3.47269459608583     
   11.5885339367621     
   24.8962192820124     
   6.45613704719657     
   43.7320490829448     
   13.5134006684229     
   31.2699735173058     
   39.0491790903465     
   29.0975992635644     
   65.6417795569545     
   61.3989172501874     
   31.0556667072406     
   17.1282432091489     
   20.0840109772585     
   30.9183656161601     
   12.6409144695141     
   62.0282057204193     
   85.5163130613757     
   45.8609982899589     
   23.7226716417006     
   29.9668754446330     
   24.8891971147892     
   36.3721021841521     
   38.3658229996532     
   48.6207748432049     
   25.5728700998527     
   26.5531926665508     
   34.3015941239816     
   28.3018583340683     
   32.3088845314846     
   28.4472682830886     
   9.67654015156045     
   23.6176989815432     
   40.3022426752987     
   64.9188488128836     
   71.8384395803036     
   52.7721693591468     
   14.7482293831491     
   19.7544339026343     
   4.91429746050905     
   4.21716297654688     
   33.9173197037886     
   56.7578909444884     
   25.7595613962079     
   56.4006762982584     
   57.7348665198167     
   63.9747233084793     
   35.0470941116184     
   12.5327723682072     
   21.9399240581493     
   73.0363871839762     
   8.95428780891851     
   78.7932967298673     
   12.0962547735891     
   7.96588616206896     
   76.4128131529214     
   6.51721554981616     
   27.4789450518889     
   52.4882025504549     
   50.7287005491809     
   80.9796736551141     
   19.7002706741362     
   42.3164693196080     
   34.2181135164927     
   53.4131406918634     
   38.6241313596967     
   26.3886783835147     
   26.5358946775885     
   43.0636984081949     
   11.2095940088496     
   40.7953311571971     
   31.5894585668839     
   21.4810729773736     
   18.9891044913738     
   19.3933432043162     
   37.5490426037995     
   45.2153060943443     
   54.6664124790574     
   28.2538594445851     
   40.9234221403458     
   61.8935388007425     
   48.1939081245101     
   17.6006765224029     
   27.4128762334477     
   27.5896536397698     
   41.4309280536570     
   28.7610497093968     
   71.1142635828604     
   31.7987076991531     
   7.12580709826200     
   58.0579675122461     
   26.0442180884145     
   27.9543006411482     
   42.6919585216902     
   41.5213164153602     
   52.5634765202039     
   50.6874722701048     
   37.5039184663391     
   26.5791722896583     
   13.7025594969182     
   46.9390257769793     
   18.0646005356750     
   35.1607096530402     
   16.3499205829710     
   55.5780296069155     
   29.6171490572718     
   51.7497535016554     
   47.6451060165146     
   59.9760433429611     
   11.4445498991818     
   7.90365887259961     
   29.6187522692661     
   21.1421202038822     
   36.5071487217085     
   22.6159459313593     
   26.5113204829283     
   9.41014030623136     
   77.0865987940214     
   67.4058787422429     
   34.1929774169771     
   16.6373337392298     
   51.4446654786830     
   33.0362726888048     
   38.9335266541680     
   56.2237947612349     
   58.4088444842973     
   39.2924385404546     
   31.4274187908621     
   18.3207961121647     
   9.50721747980951     
   19.6991226985147     
   24.0369245095966     
   47.9075505523527     
   103.200945287729     
   59.4152002308322     
   56.9006806837810     
   48.6973315752979     
   16.8845964430856     
   23.7013227690802     
   68.6444962418897     
   20.0642530246877     
   46.6827091529659     
   13.1543862318072     
   9.58527550189130     
   27.7670357723918     
   26.2450978818969     
   21.7728120079007     
   39.6050231694791     
   7.42695007093618     
   46.7904187335285     
   46.8315330548500     
