   42.9417503822432     
   55.3632815643036     
   49.0454975533467     
   62.9003315008018     
   7.32903234235820     
   21.8277204565657     
   13.0665845223222     
   31.7399590215598     
   25.7434739474200     
   24.7257683023933     
   37.0743304264472     
   40.5014973567560     
   75.8796910306971     
   28.2039350970547     
   49.6380273078876     
   55.6524496855076     
   29.8953622073460     
   31.4991034289568     
   66.0916042850804     
   44.5468594423518     
   30.8877385582271     
   61.9712164734594     
   32.9353946770365     
   43.4679256514241     
   66.0313992625883     
   26.8603072532437     
   6.22814300909843     
   20.3290964665852     
   51.9203836269132     
   15.5796748388190     
   68.1775959927767     
   22.8018749387072     
   47.1269184000342     
   52.4691134500630     
   14.6108565930547     
   24.9776700428927     
   18.3796516316249     
   21.9724575651873     
   25.3164975608400     
   110.304647884970     
   37.2290928820290     
   29.8240882003814     
   7.93314171539925     
   32.1862708495806     
   41.7654836433759     
   8.69871398756620     
   50.1156218664429     
   30.5017764282979     
   83.7547303551430     
   18.1936170451803     
   6.91137379722720     
   51.9242501133351     
   13.0284875876988     
   44.3428415598797     
   36.4992258979181     
   42.5954013269176     
   18.9969799629345     
   94.8836404204092     
   47.3129997749735     
   81.5378513880859     
   66.0331337701690     
   27.0655492689779     
   23.0200847218555     
   43.9189480547353     
   41.6644584197571     
   21.1699820006253     
   19.2003895197556     
   54.2743724357771     
   26.5432877873999     
   35.8655791710325     
   62.6684597155755     
   43.7900248738269     
   50.6651232780886     
   15.1167886269744     
   14.0846720641452     
   56.0174240622310     
   23.5729275100281     
   18.7017449009384     
   54.3127981058689     
   13.2426136243516     
   69.0586086734683     
   20.9309574308044     
   78.4640441969193     
   57.6729672408244     
   68.8913769894740     
   43.4438988229424     
   42.3661380389431     
   24.0487059371205     
   16.7124910256593     
   55.4387058017425     
   44.4753672267029     
   17.9393264975936     
   11.3361210596298     
   72.1180816001503     
   31.9505339292257     
   29.5416960373573     
   29.6081348874190     
   13.0106821245883     
   29.7176698388156     
   46.4015256206207     
   33.1020522577697     
   28.2652070519064     
   37.1926264783409     
   42.5047688579216     
   34.0103543755410     
   24.1405201356758     
   30.2923493305670     
   8.58992888652524     
   40.8139422771653     
   16.1839693021762     
   19.9543145228416     
   48.4431190683192     
   21.1476775460948     
   24.7693591332511     
   30.9268072147961     
   64.7605075921222     
   16.6502257796590     
   65.7778906024185     
   42.3390171419414     
   44.1980711284960     
   44.4950629496760     
   36.0454158885886     
   48.6207907942304     
   52.3011886818826     
   25.0836066532983     
   27.0885650655722     
   68.1431270140641     
   21.1532131281694     
   68.2203305932004     
   30.6383996584441     
   38.3252689794216     
   20.0873309185021     
   10.0635064587266     
   33.1402244077110     
   13.9884674322869     
   46.1336841011684     
   32.4474138070583     
   49.9882047551757     
   49.3048122376035     
   35.1239377424208     
   40.2731043608266     
   24.7427374878188     
   44.7361291243843     
   37.6061611829866     
   17.8461810185746     
   36.1990775819976     
   63.8640653710838     
   13.7613730417955     
   62.4660286527577     
   54.2487694337022     
   22.7494593372601     
   31.5704338239171     
   25.5160446762240     
   11.7796011231813     
   46.5413350362437     
   41.1427715051801     
   14.4497881779547     
   27.8634178404385     
   9.40089006915918     
   29.7921419656207     
   29.0214205204193     
   42.4905830877655     
   21.1214944513156     
   10.9536380525077     
   38.1279575494398     
   53.9245599649981     
   51.9311764759496     
   26.7113025652890     
   56.7184089625974     
   32.2495048181965     
   28.9035516976645     
   56.7083700407692     
   27.0961982775315     
   15.8263400472459     
   21.1569977844418     
   22.3621230785863     
   39.5432924125277     
   114.091877780536     
   58.5009676559766     
   22.3166543651470     
   22.1134034132479     
   8.16561911596620     
   62.0879498170514     
   57.9268272001223     
   30.4702436762225     
   37.0317458606087     
   24.1029653239786     
   49.0072488797852     
   35.0620503241843     
   62.5531701305923     
   45.0540266324729     
   41.2048711477389     
   52.9651016607967     
   28.6799778930748     
   66.6200696203824     
   29.4779417977926     
   11.0328315782178     
   26.7741709679192     
   38.9036995211608     
   48.2769422930369     
   18.2504662337777     
   24.3036909695358     
   45.4902679316694     
   55.2076452239910     
   14.3894322162297     
   63.0579535323308     
   16.4657002037819     
   15.1877474488636     
   66.8364476898900     
   55.9903882704158     
   40.5236162791593     
   13.3180805027802     
   59.0403905450515     
   27.6902642984313     
   9.63812180932073     
   34.3311583422802     
   40.7545901715695     
   38.4907377505154     
   17.6576874883456     
   25.7789481526829     
   81.0970744562119     
   11.3790269302537     
   17.8791188351432     
   32.0597602104550     
   42.6768460735786     
   15.3955899828158     
   43.5323895980609     
   63.3534450964929     
   44.5132772563382     
   23.1625570023105     
   23.0955827143108     
   28.4851544071589     
   15.9575141602161     
   37.2019137869565     
   47.9565391925990     
   67.4681481027749     
   7.73489241530947     
   52.0446854959748     
   50.7197708010122     
   42.6160205913340     
   40.8354626580083     
   47.1405080806551     
   35.0430440172848     
   37.5469673868198     
   13.2732448960227     
   35.2529078107042     
   11.0958273002636     
   31.8439359452665     
   70.4348780270815     
   43.5888259526218     
   13.9856147483233     
   20.5630014898275     
   76.7555870447278     
   71.6337030374683     
   50.4194659345946     
   8.94992155711365     
   40.5739421578265     
   27.9791864913925     
   20.8520408090211     
   28.8305029507244     
   53.3752455094945     
   26.7573584325625     
   72.5208875864412     
   23.8822224461577     
   35.1678109570565     
   15.1815286820696     
   44.6851179130823     
   21.0603327903064     
   36.3050041709836     
   56.8459308898349     
   53.7361026474141     
   16.7480852116169     
   15.9477618497289     
   36.5960971067418     
   21.1520751578600     
   72.2216161461803     
   55.0333675321299     
   27.2507553350146     
   34.9399970995787     
   11.5290602705066     
   47.8176769748993     
   31.3974948773418     
   52.7739020020808     
   101.922579717456     
   43.5488826594224     
   46.5172109863050     
   19.1247149352067     
   34.1150932500854     
   10.3061502708804     
   42.9023501069700     
   21.0076012423613     
   19.9312334983013     
   26.4716351813801     
   33.2084771872270     
   69.8492771551642     
   19.8341016224907     
   75.9944997878759     
   45.8475122377536     
   52.7584859730479     
   10.4089448640549     
   21.1917769762210     
   68.1199378679564     
   55.7915294849254     
   64.4133337016828     
   30.8840471447991     
   33.8580206884261     
   18.6558329456992     
   64.3127394188232     
   45.1373069175454     
   41.1929579663507     
   30.1634992029449     
   15.0114099201029     
   57.7620809386787     
   30.7815277787608     
   27.4818708784308     
   14.4918659948183     
   18.7771735677461     
   84.4310363570157     
   41.1302365605411     
   60.0439950613624     
   26.0759452701661     
   24.5339653004316     
   88.4458264781155     
   40.9178743418306     
   60.2045196677974     
   40.8498004834839     
   31.6874324208724     
   15.6633332555955     
   8.74868484744111     
   30.7016007040880     
   72.5260014767383     
   28.3607227928420     
   46.7710910606109     
   55.1966707265738     
   25.5053953542982     
   29.9736461731079     
   41.1614470155528     
   32.8782955063992     
   20.9179256193526     
   32.1798415943005     
   50.5101726443378     
   22.3812014608573     
   10.8254477178082     
   44.4955726047927     
   52.5369733691249     
   48.3885348200707     
   33.7941061071116     
   51.7897141296284     
   13.4488402838684     
   37.9149936748876     
   30.0461447057346     
   19.5925503573983     
   16.3267259768936     
   21.6100911035007     
   46.4602007350281     
   36.8957735872195     
   41.6207080676605     
   34.3037069641684     
   27.7732969423418     
   9.44541603041233     
   20.5245509850507     
   39.3189174809363     
   49.5083887094624     
   18.9886377143043     
   38.2992624770184     
   70.9288945471802     
   17.7567307013536     
   27.1208390172620     
   27.4954192957025     
   32.5956660255048     
   16.7643092232001     
   39.3648195050304     
   19.8732859236677     
   103.398269425524     
   65.3704562500547     
   33.3364529029626     
   41.4491123077027     
   22.4620649260900     
   14.9798733948909     
   54.4095427987356     
   64.6033749802629     
   50.7636116494210     
   64.7955541963993     
   47.5388299040115     
   20.1597415885559     
   31.2742312525954     
   61.8062706233896     
   29.7954094650035     
   91.1345895689877     
   61.9802624193189     
   69.8675080014044     
   61.6036535262240     
   64.5054647597191     
   10.2269858316080     
   19.7702247113303     
   52.6256159363984     
   71.1164826089303     
   28.3440547336564     
   63.7238671619306     
   33.2591184853492     
   17.6390264500582     
   61.3511595786170     
   30.2849671714926     
   18.4721742313718     
   62.3460214511358     
   35.4266475704656     
   28.3816837011348     
   40.9102395242557     
   39.2093056933107     
   13.5097928187480     
   48.7682109277258     
   53.8072830534312     
   28.2791356916398     
   65.0505605799971     
   30.6334481164183     
   69.7922265520538     
   38.4134613703204     
   32.2972931005585     
   36.8235755571521     
   67.6031759688517     
   16.4809876474655     
   36.5522561756529     
   37.9134564216092     
   65.2494662647977     
   49.6428838191320     
   32.2569602809862     
   49.4531808477005     
   15.5757608240450     
   38.3361453300944     
   107.825195980814     
   19.5363193189168     
   53.3078252652667     
   49.4502740952993     
   68.5809843686946     
   22.1964219461255     
   23.8054627646191     
   23.4826314384530     
   34.0329537147101     
   29.9816217677663     
   56.8288271558310     
   41.4633558446756     
   54.6284450016705     
   37.5150189012576     
   29.8004215293171     
   34.4306653482518     
   31.8313297181493     
   24.9346684207422     
   41.1794643499480     
   38.9050903899130     
   47.6949423858439     
   55.0835541240139     
   39.4631654792323     
   50.2911430940409     
   39.5991570409241     
   35.7896502111050     
   7.56990724619920     
   8.06206753733890     
   58.9963042342596     
   62.8415409915833     
   63.6399851705497     
   29.2104093777719     
   40.4101711902911     
   58.0547787323127     
   17.7529517584913     
   47.5669108141003     
   29.9333983468678     
   17.5559619503622     
   105.076592478429     
   27.5075336531147     
   59.4499634630830     
   21.4480304288203     
   24.2530195827362     
   17.1313290766998     
   50.9511228066513     
   85.7212286474880     
   12.2062630396788     
   40.7387870527288     
   4.39544612234394     
   25.0207846460689     
   63.2159824729137     
   29.6354748494621     
   32.4057608262652     
   14.2087790267143     
   27.9817544228947     
   16.5907442439194     
   11.0065625076115     
   44.0239229170122     
   71.8883481905156     
   23.4050846081158     
   33.2221585919998     
   62.3934583296518     
   60.4412964357212     
   25.1740695968246     
   39.3979087620325     
   66.9005431216936     
   16.9443235627187     
   6.40348142766637     
   55.9764809009545     
   25.9669003802615     
   55.9948133279404     
   37.3999918481887     
   73.9860269777979     
   28.3124081720524     
   6.93604060049593     
   25.0849206551767     
   73.8382443368707     
   20.7047322313966     
   14.5722287736627     
   39.1611261562708     
   34.5595418345511     
   48.2915598669267     
   26.9041641839719     
   29.5896852799372     
   62.3272781942576     
   9.57364891879450     
   61.1565172875704     
   51.2053405660907     
   64.6296204988472     
   56.9824188414879     
   47.9611972052714     
   49.6268753481172     
   28.0026410380331     
   36.3708148928253     
   43.1789778905369     
   20.1801189880277     
   39.6965297745926     
   73.1324811247535     
   50.6522421095661     
   21.3775540602711     
   35.3558583146358     
   14.0158502696074     
   29.4949379623226     
   58.0884986281736     
   44.4196897372908     
   13.3898674486230     
   30.8371529755966     
   39.1636006802960     
   12.1623413998027     
   36.8944815919928     
   54.7865473042925     
   18.2760622561262     
   13.4136138261925     
   25.3001939596855     
   31.6851557458055     
   12.7174821045225     
   29.8650267191700     
   39.6235322973059     
   40.1373108308841     
   33.6374455544885     
   13.6357343002185     
   24.4989043103261     
   28.5502506409678     
   36.1752528953066     
   43.5222948679164     
   81.4115219454692     
   29.5447733312067     
   44.2193502295687     
   21.3854033625283     
   49.0765722848374     
   86.4368076206994     
   60.7788906368457     
   16.4404618778368     
   27.8643920211832     
   66.5530079708777     
   46.7557941426646     
   28.4352422690448     
   18.9151117451211     
   22.7825055243774     
   59.9491917713083     
   33.9800473344113     
   36.0540130984184     
   11.4823055343385     
   60.3286733199884     
   68.3431192426302     
   49.7680225238078     
   46.7656055708016     
   27.8963121480658     
   15.3900160425611     
   23.8620581356791     
   23.6095103654606     
   28.3858251773877     
   19.4458665608198     
   40.7755697315296     
   22.1059290577213     
   32.4930892817670     
   30.9104876040466     
   59.4945204822741     
   20.8773109020051     
   57.5066773859391     
   21.4641679291804     
   77.1629716902204     
   35.7916397026982     
   30.9885149157305     
   20.6707137094762     
   20.8419952749623     
   32.1829212078686     
   26.6889157210475     
   59.5630016400372     
   60.8695991284729     
   40.3531183464984     
   23.6095790468771     
   12.3275996607341     
   58.8156761331035     
   29.0228860342969     
   16.8141206853386     
   85.3589292330371     
   33.7728084114183     
   74.2697348592503     
   20.2861876735094     
   38.7907963234263     
   32.6584155127540     
   27.1844946700014     
   26.9534773169686     
   55.9395996200990     
   27.9507272363968     
   47.1400583381549     
   19.0060945362814     
   33.2874712926226     
   17.7255880597834     
   13.9754653022357     
   10.8653555371205     
   40.9269285295029     
   8.10226207405207     
   15.2645226275426     
   14.9117163775665     
   45.0572950046999     
   47.6893329848886     
   85.6209601530146     
   8.54132401635217     
   33.6386081751479     
   34.0630597948822     
   24.6355584989727     
   8.91246980516299     
   81.0299389696713     
   24.2978543509829     
   34.6014964173080     
   56.4295701439660     
   9.00432118536871     
   36.8440486153159     
   22.0457918358467     
   64.2802269335436     
   37.6001955616805     
   37.6573650653018     
   9.28217844854142     
   54.2792760538070     
   81.0579103031799     
   46.7660474695509     
   15.3340613881705     
   56.7266753393544     
   33.8915942682865     
   84.3356205413344     
   26.1528575979398     
   28.8436244773125     
   51.7954093401723     
   70.4444903920496     
   38.9479016611798     
   41.2170885691601     
   20.8758813613478     
   57.9208738205011     
   16.6519124147604     
   31.0017758100439     
   11.2186325918369     
   76.7203878888055     
   56.2228281103164     
   18.4031951524213     
   38.0401115376622     
   34.3246397779638     
   8.44956704065719     
   22.3569960216562     
   53.1486106866382     
   84.5567601061379     
   39.0490531080173     
   36.9093510730673     
   57.0871063982678     
   42.7835066993024     
   79.1611832165472     
   11.5674443484137     
   27.1493708628624     
   17.6010828261934     
   65.0527433857774     
   30.5771871776191     
   16.9710387881337     
   34.4046866639561     
   45.9269327198216     
   38.4850760284672     
   33.3015915816510     
   22.5511241920136     
   16.0479226636985     
   21.6261766155675     
   42.4040463994589     
   10.2064540263130     
   44.2184167741487     
   27.1244321223484     
   17.8336202938742     
   31.0118536364150     
   67.8929111926802     
   10.2918965880868     
   53.5366082839222     
   50.4951007978320     
   16.0505958355759     
   24.3779247215005     
   24.8276972553672     
   51.5700417159945     
   36.4962351369698     
   39.7251112833485     
   16.7414543089681     
   20.3529341416854     
   64.2514359212151     
   76.2473682885611     
   89.1435586763021     
   21.7523510939041     
   71.8390712848091     
   31.5397588992370     
   54.7878217411719     
   6.85980614824842     
   17.3754640565070     
   55.4662267259953     
   40.3742613236316     
   30.7081427499850     
   14.2723349398242     
   36.0208349378281     
   30.5804219634937     
   38.6360335481197     
   30.3796925354305     
   34.2861910845483     
   73.6751617166873     
   36.0990639218632     
   60.6779240741752     
   57.6958731472322     
   3.46586089867942     
   61.9817237410937     
   109.387590175944     
   67.9967237526552     
   61.1325062210663     
   36.8027826840851     
   30.8928430011045     
   41.8661916269896     
   6.65759745274039     
   24.7423542173658     
   30.9278117997228     
   4.00424690805677     
   64.2783792142873     
   56.8930715896409     
   97.2472125495072     
   63.1794236421495     
   43.4207775782389     
   81.8727496608726     
   36.2506861127043     
   23.2452424758727     
   12.7240234795157     
   33.2568165252596     
   23.4128493400848     
   22.9722706688686     
   89.8358748797992     
   25.3802550820732     
   18.4912562785880     
   32.9047069906396     
   43.9892967050407     
   27.4673383166514     
   48.0246179210556     
   30.9067506209036     
   21.0497667330122     
   20.8342983139220     
   3.80272946772123     
   87.7223575094196     
   61.8430344659651     
   25.8956363704820     
   29.3936714462668     
   37.5473694641042     
   11.4461637023529     
   55.3278735352649     
   65.2417665420909     
   84.8357612587981     
   27.4639132507202     
   10.5479801996312     
   44.8737802406745     
   44.1325342099405     
   20.9976827538440     
   64.6023334517501     
   53.2072267222105     
   55.3465445713183     
   57.1931050686427     
   66.6377311194554     
   25.1025543879796     
   41.9604919732194     
   14.8072935315554     
   49.6380461039647     
   26.5408150214748     
   9.85160706115904     
   33.7932552040132     
   6.16053536506948     
   83.8865122590189     
   57.2942102405047     
   32.1817444658123     
   45.2410255094822     
   30.6784664109590     
   29.9809722236705     
   57.4685913606852     
   26.7503578476693     
   29.7230903905890     
   64.5100230318411     
   44.7455527810888     
   44.6675090464757     
   71.8500513971767     
   22.6076596505643     
   30.5978953716361     
   41.8070790437828     
   50.8232669312418     
   18.7524595688358     
   35.4468754311850     
   44.3732924572641     
   22.3319578386853     
   48.5491813561028     
   41.4609209628440     
   35.3187895430300     
   50.3689724886946     
   19.5205025395756     
   41.0411153868650     
   51.5434707366183     
   35.1615229375017     
   58.3414104575319     
   40.6426186262965     
   49.4235057016341     
   62.5218818366878     
   61.9170784632441     
   56.0177863148156     
   26.3148286208657     
   48.9290800482615     
   65.2083190740471     
   54.8836330755219     
   48.5459710880465     
   33.3160744293561     
   44.9736897587046     
   13.9146088053243     
   42.3682364161662     
   45.1335116252434     
   22.0983136248492     
   49.7217572228994     
   26.4419250920311     
   61.6781515622394     
   38.2646647670974     
   16.3759124598415     
   26.7804382009003     
   43.1130278807244     
   41.2491779066041     
   24.7667459663068     
   45.6384473773571     
   67.6616538885657     
   51.3330413291038     
   5.00669474667199     
   33.7806446103502     
   33.0442009469708     
   21.4307507207985     
   23.8936114091373     
   60.8227057059809     
   11.5313838321534     
   68.2639519667507     
   19.0338369534168     
   45.4335694173692     
   64.2806956639664     
   37.5257412004523     
   87.4030083971026     
   34.8734099993848     
   31.2488505098223     
   53.9542059041139     
   54.4584618237742     
   25.6588697417347     
   28.1514798624928     
   35.7636302307425     
   49.4308667922930     
   39.6370416162411     
   37.0519856610501     
   59.3301435766410     
   18.1170895385603     
   9.60797912576204     
   27.9082628205369     
   45.2908362680521     
   18.9246822918797     
   53.3082077518261     
   28.9546983957857     
   52.7855891232570     
   13.2916820293772     
   29.5699197011747     
   37.3191357643039     
   39.7384688376466     
   8.27875228674058     
   52.0187718984604     
   29.6447867358258     
   53.0905660411315     
   30.1232836867313     
   31.6887089262474     
   82.0458725891543     
   32.6213759139470     
   89.9067370159066     
   57.4036485713661     
   26.5575713272363     
   50.9000088826009     
   46.8534309726618     
   13.3529239849895     
   31.6659580549276     
   62.7620218096134     
   18.8998845994626     
   49.9419795435639     
   62.2456111058400     
   5.43223309443163     
   58.2234187147668     
   40.7967333823098     
   44.9117769643236     
   73.8059935599408     
   9.60796155336042     
   44.3334180792847     
   67.5021065580266     
   42.0395093679183     
   19.4869062675493     
   17.6855448991672     
   27.4151519607919     
   57.3450720704448     
   19.4911168722713     
   34.9923023726699     
   56.9378426597511     
   39.9941580005121     
   13.2898878968821     
   54.7320238557710     
   25.0735725100193     
   13.8418980609065     
   43.5452169338270     
   29.9992869115125     
   55.2036595729031     
   81.0231078921776     
   57.3328544479427     
   60.3497577543870     
   35.2143627022326     
   51.2186029266058     
   23.2594161086600     
   36.2030123262056     
   19.1120675605379     
   22.9243442090509     
   27.5348630529769     
   60.3410007737100     
   19.7053837024918     
   46.0620896651771     
   5.88856359004644     
   26.7472323389189     
   40.0212573206261     
   34.2682988024706     
   16.0537847494990     
   42.4750994824047     
   16.5153775338961     
   28.0944270981624     
   54.9538535534107     
   17.9720221092991     
   10.7615968717552     
   47.5030350370953     
   29.9075241028893     
   36.3906142785596     
   59.4315653461760     
   38.1166738859965     
   63.3359587749795     
   23.7947387764304     
   23.9093829758012     
   31.5566251549286     
   16.3462710234754     
   35.9458937530587     
   64.2816440658397     
   42.9438970272273     
   25.6672596912863     
   9.76261885433580     
   56.4171542403417     
   47.2206430967442     
   5.71437441792521     
   65.3270867815987     
   30.8642613302666     
   24.5722020563681     
   57.6516789081630     
   74.8223992428036     
   17.7938695052955     
   25.2052160749050     
   15.9579225419322     
   22.8049964405824     
   58.0387671415964     
   32.5487365586434     
   22.4545418430325     
   57.7318113172318     
   57.0614104532574     
   58.7289068774236     
   43.0379776717959     
   26.8157276427319     
   42.3946844286119     
   29.3909913511446     
   76.6450228562816     
   13.2549736592669     
   25.7034861821461     
   50.7115601631199     
   21.6944368379793     
   26.7077854905095     
   31.5832387388196     
   13.1727955300199     
   24.7512095339679     
   48.8576330827827     
   17.0663754122940     
   26.5920430809902     
   37.9369514521442     
   45.6800042464359     
   52.5582958026062     
   32.4855340723601     
   20.0930356296526     
   18.5049022049652     
   43.7832102031213     
   19.1164129855457     
   39.8821545288778     
   25.6661480301276     
   75.7402964143415     
   27.7847708144769     
   21.1921366191976     
   45.7490108474543     
   68.4826435855107     
   62.8575721329493     
   72.5675947214844     
   23.6690737701191     
   63.6487386830180     
   42.7520691797528     
   12.7192309779967     
   7.80999264087048     
   32.1200249102545     
   70.8192921637250     
   28.2223487374966     
   15.3902038776886     
   10.6538053294641     
   54.8184355553899     
   58.4590841343392     
   34.3594664381250     
   19.8080980247279     
   11.4832456775886     
   23.7855777379370     
   37.3858693883326     
   27.1957420162711     
   50.6769832235095     
   31.5021659374653     
   70.3253939444678     
   13.1292790884088     
   10.2536058107133     
   22.0351924397124     
   54.4719212286016     
   32.2066626863511     
   56.5524325624497     
   26.6003928756019     
   27.9516966559702     
   119.447623625234     
   41.0582934694672     
   36.8582331072359     
   35.3238646993438     
   26.5759827509887     
   38.0894373549166     
   25.6794751838265     
   69.3034238408865     
   30.3161452601540     
   13.3064517756135     
   30.5178482536734     
   24.5204398404458     
   72.9004017061607     
   39.1884452226031     
   31.4412571388020     
   38.3386398213196     
   49.3643720466875     
   21.7285312763908     
   49.9236795122109     
   57.0812504260388     
   34.7206587006524     
   11.2197147581414     
   28.1042834955631     
   41.9481750953864     
   58.4297523639599     
   34.0076025640082     
   15.6960332848874     
   36.1530846638282     
   14.1494565761756     
   55.9864124034238     
   17.3366222003338     
   57.3811922790779     
   18.6862403363567     
   3.53816342432706     
   47.7671993243934     
   31.0631342230353     
   56.6791780896518     
   36.6734037956442     
   11.5977973220807     
   67.0628037647947     
   5.24902223036269     
   9.04718564488519     
   23.4731887483789     
   17.9795880196962     
   64.3336242005548     
   16.9656599055452     
   49.5343481720882     
   9.41915949558430     
   56.5318590430761     
   43.4835378355092     
   17.7206347416730     
   32.2467360588907     
   21.8277642950101     
   60.3682796660665     
   17.9482491690069     
   12.3794311064209     
   20.8235839309934     
   20.7041771149044     
   39.6850704595957     
   46.7670371495372     
   29.1479574485616     
   60.2583356326790     
   21.6535572004763     
   51.0274814652882     
   42.4393633710119     
   12.1303204719595     
   35.8468709375618     
   20.9790122836476     
   26.3056630494983     
   7.91838743211004     
   22.9817137634461     
   34.7824494215653     
   41.1635608054337     
   5.89987408699022     
   45.4654315250834     
   41.5023483692691     
   20.5752158342741     
   67.4666814430447     
   47.6350269993031     
   62.1402594689094     
   16.9996915517521     
   42.0935258771340     
   17.4958123938009     
   31.7527905431520     
   49.9264884897831     
   50.3048642137432     
   26.0544456422305     
   20.6785024183091     
   42.5563946109392     
   15.8239209274276     
   15.8731722403941     
   73.3258138406288     
   21.4125099562856     
   40.5269750716024     
   70.1701742748302     
   15.9424026682978     
   25.6364773604175     
   50.2383117723460     
   6.14058371904627     
   15.7708130068675     
   44.5458564393082     
   35.4662301937006     
   13.2725534325477     
   79.1551930641226     
   8.22678431061153     
   48.4503459458350     
   31.0793168658214     
   22.4888858891837     
   45.2603389765748     
   16.0551306913145     
   65.1417433343728     
   48.7652670594462     
   18.6750753694715     
   68.8553788540265     
   33.0983901460253     
   12.3608391147060     
   51.7213052078287     
   14.6977887852662     
   60.5522469088789     
   29.3314014765955     
   25.4424023297516     
   9.24996616817168     
   42.3242620212163     
   83.2767288792397     
   37.5388514010921     
   51.4762843765343     
   40.5360170007060     
   33.5580519101323     
   84.6448158723430     
   9.89089138727680     
   14.0869937248431     
   35.2075538045195     
   34.3080691316927     
   77.9562012426148     
   37.0764740730179     
   39.9243427415506     
   44.4030762799345     
   56.4706801559565     
   47.0022863936606     
   16.5567280536329     
   27.7969772002807     
   36.1920384487352     
   29.0250786392573     
   6.62490864030003     
   12.9537288750316     
   33.6138516703426     
   51.5341220644307     
   14.3423109170967     
   55.1586212452562     
   31.3676112363463     
   37.8814476779275     
   46.3834101686018     
   50.6761596629813     
   37.4699567110730     
   79.7442488098111     
   35.6822440322246     
   54.4987805610413     
   52.2696082971384     
   35.9441184302028     
   41.3439590925883     
   28.6728186621468     
   29.6172562351801     
   16.3784816525519     
   75.3933629625920     
   21.6380693070479     
   10.8259401622327     
   31.9956772643765     
   37.2035401462678     
   39.4559032918743     
   58.4052943613455     
   22.7926906507588     
   26.6006747553037     
   18.0395933069061     
   32.3940361136251     
   24.2507463880490     
   37.7504595438745     
   87.1958931278948     
   56.9507903489829     
   79.6202172132931     
   63.2941369034335     
   86.0109552492609     
   33.9483179179083     
   40.9889836617920     
   36.3100369870192     
   50.9686982311499     
   32.5839290174217     
   4.54467930875537     
   15.3114808441929     
   41.4324897753509     
   33.0036141388438     
   8.51104473844502     
   17.8989233328757     
   19.9389354300205     
   55.1206654927752     
   26.1486535642657     
   6.64078745178424     
   64.3850961264870     
   45.4672550596628     
   40.6918295275846     
   23.5660761173283     
   12.0384922230202     
   42.0666855015940     
   27.4891657761328     
   13.0503394654287     
   5.90815574100962     
   25.8527536483372     
   58.4246538698887     
   44.5352017444388     
   98.4075652842981     
   63.7343407729820     
   31.4123403404822     
   42.2980942052872     
   70.5441474724120     
   39.1387355456414     
   6.60519958729336     
   45.9030352192328     
   83.7827886347663     
   27.5515428885832     
   77.1046311436138     
   55.4154886840776     
   49.3757014496549     
   44.2211985586125     
   16.1920803829740     
   71.9991726675024     
   38.4593498205359     
   46.6686547546215     
   42.0157984678591     
   97.2490300294482     
   44.9841465012909     
   26.8699337026885     
   34.2169536632272     
   43.3721085464094     
   85.6202535749658     
   24.2077281309310     
   79.6652666428481     
   41.3404960988382     
   48.3133060045859     
   60.3527207016105     
   61.7774452649041     
   37.1042333017240     
   77.4750628383040     
   18.9936457686886     
   18.4368670388179     
   45.1222611505533     
   47.9669780994776     
   15.8287437383934     
   30.6860338070094     
   28.2494874109032     
   50.6279978107379     
   40.3219270627433     
   38.4789482189029     
   27.2401854579916     
   68.8981001278361     
   26.5067921290141     
   48.7519397777732     
   14.6294953695363     
   38.1342213650298     
  0.760581632184181     
   52.7252667080454     
   16.2287059949671     
   39.8905386389583     
   79.9427496675384     
   27.5823464523655     
   78.0598275028270     
   19.8213887915505     
   48.8931631222573     
   50.0116377087197     
   9.70721277742335     
   27.7347970502919     
   21.7611114939243     
   68.2544878011412     
   4.45793842665645     
   6.24913411352958     
   23.3069900681674     
   27.2894916845445     
   31.6741883309665     
   72.2439759823159     
   23.2651356982726     
   42.6872291870921     
   47.3536235546095     
   44.8240257201199     
   66.0333376842770     
   48.1657420663844     
   42.3570206057295     
   47.2448113213457     
   43.2768553019628     
   37.8373532536320     
   37.7153795689848     
   41.5994488418690     
   50.3731846756142     
   19.1843075313353     
   22.4204880217006     
   51.4432129765809     
   35.6777199214587     
   51.4657961216109     
   19.8913022639560     
   33.5803233932245     
   42.8607535509157     
   31.9967856464136     
   12.6452308465070     
   76.9783276036397     
   31.5620385522821     
   35.4627884284705     
   58.6348571427363     
   32.9007862661332     
   37.4974630056492     
   33.3334843895266     
   88.9183648825177     
   77.1543285440201     
   42.0152757602075     
   43.0307189043026     
   24.9537057403081     
   48.3655853140707     
   18.5971017340129     
   35.3058779078310     
   45.9317196970980     
   57.6118535495716     
   39.8810740974398     
   35.2210990598462     
   15.6624681557460     
   49.2315469752230     
   9.37274317495926     
   71.2194489431648     
   47.1168056560141     
   19.1008179247971     
   49.8723317872644     
   28.0831769324238     
   24.9906854620537     
   54.3676611594650     
   15.0298654471771     
   17.5606449862031     
   27.3464225301538     
   9.08541142042405     
   41.0361272677141     
   45.8391371346667     
   23.2312326320064     
   31.3453457073444     
   83.9011177506370     
   14.3832075043575     
   53.1339118241751     
   86.9627118685519     
   39.2395641749606     
   21.2793130891313     
   16.4310222620069     
   40.5022705296171     
   58.2448314519921     
   22.1246828036147     
   6.63606769925195     
   18.7741852201829     
   52.5274242671473     
   36.1788634323745     
   73.1234805751757     
   36.1319330329423     
   8.71466424488795     
   26.4495753714123     
   26.6804611187809     
   61.6708519983545     
   92.5235904807819     
   37.0212183469118     
   27.5299641089722     
   67.8687211291698     
   42.9485039163754     
   36.7734882558391     
   83.6180659514712     
   17.7381642808610     
   40.5923959424761     
   25.6582544919262     
   60.7990022069384     
   41.5127148480077     
   19.0159137557691     
   10.7055496784191     
   23.7335870271824     
   43.2251719465247     
   53.9349028915367     
   11.8617556529534     
   21.2849356356456     
   19.5262980033751     
   63.1577822202215     
   38.0971932062050     
   6.81143361845001     
   19.5342623745735     
   51.5075503348932     
   20.5259463105054     
   27.2537548658964     
   101.795546443554     
   40.4832977129306     
   60.8277864965486     
   33.7460322766707     
   72.6119662595352     
   40.5939311053586     
   65.1447840294606     
   52.9453981561296     
   45.8202334563358     
   44.9181502519825     
   78.7008395710859     
   32.7348928972439     
   45.2323677229692     
   37.1496268067277     
   62.8492755993417     
   24.4242958232801     
   20.4496565185676     
   30.9897405903672     
   30.3711634956346     
   11.7006142529366     
   28.0422747951860     
   39.5776773811137     
   32.1356637101238     
   11.8080859001716     
   12.1689726605999     
   34.9200359383641     
   91.9402212457790     
   9.46973695779408     
   54.1682915109616     
   85.2324759625101     
   43.2518373723375     
   99.0965623959702     
   27.8771154093329     
   68.6267173966231     
   18.8316880035321     
   69.6763220206754     
   43.8691964760268     
   74.1298574584738     
   29.9629345194033     
   5.93321120027283     
   33.7547834842015     
   58.2773691365780     
   56.7352385272092     
   14.8384110931152     
   11.9904388282406     
   41.2368079392579     
   26.9003144559169     
   43.1742181506458     
   37.8693686114882     
   54.2300449096483     
   55.8209267627632     
   31.9375536046469     
   14.6289051201110     
   34.2859798763329     
   46.7482264271770     
   94.4577853354387     
   42.9776505041284     
   48.4178849565100     
   25.5634479776282     
   21.6894997837505     
   52.5557291907412     
   37.1829596863850     
   13.7805309415277     
   18.0489317395304     
   42.3613926942708     
   78.1038930506479     
   41.3270354611723     
   36.3370805055047     
   58.7361719222974     
   35.9478115339430     
   11.6075827062624     
   27.8124732372467     
   20.4832264620588     
   28.2970036946940     
   33.9806086043480     
   35.7314170309949     
   33.2944633732331     
   36.7432491535196     
   14.2019144464676     
   39.5388243931149     
   57.2613153710130     
   32.7100860724489     
   29.4701222455525     
   67.9623024677449     
   42.9745147933785     
   52.1973679559439     
   36.9313883619652     
   35.6706969325399     
   32.2598508612250     
   22.4736265176616     
   30.0230817366092     
   27.3713975385799     
   49.3436294680820     
   21.8921541657755     
   37.7308692337377     
   91.3337258790671     
   50.7107745163192     
   27.9568073324303     
   24.2112851829460     
   31.6999547392843     
   24.8489387921708     
   73.7559830035535     
   16.2334459179511     
   39.5589333377578     
   58.2321897206058     
   30.4769534902666     
   79.9409051840279     
   39.7109905335579     
   58.2227142577663     
   53.3538239332474     
   40.8030364011886     
   30.8132487132481     
   44.6849519449332     
   8.26908124083362     
   29.6938152718035     
   21.9125812173415     
   5.52221940092034     
   11.4958519581804     
   10.7974128215605     
   18.8806961108870     
   56.4142617702592     
   57.4490371413921     
   32.2376625373151     
   51.4656717036356     
   47.4443907034779     
   49.3617061959773     
   21.7089230980367     
   45.2589087397850     
   52.1592005600915     
   11.4704109293860     
   39.1708290030833     
   41.8164723465301     
   23.8097717424091     
   87.5012395303587     
   27.1985343785296     
   4.14103998086027     
   31.0239529904993     
   37.2641238265094     
   10.3113618453951     
   24.6981722585082     
   4.96551563446056     
   39.2193593805081     
   36.2816010141147     
   47.0563054223299     
   39.7158513743830     
   31.2789781225251     
   45.2566371868427     
   38.8283682555170     
   19.3905539778062     
   28.9856366001416     
   49.4575267450007     
   99.2529101144055     
   52.8352767374110     
   24.5055455522681     
   32.6562290142151     
   67.0975543632641     
   9.83954861771731     
   33.0851437705486     
   49.0717560628679     
   63.8522379089758     
   10.1651249996307     
   20.3780086331136     
   45.2964730439495     
   20.4858302806240     
   49.1740846273889     
   35.8741023252494     
   12.0723612762093     
   39.4936458472290     
   31.1861181190584     
   25.4317609198527     
   38.1577483982622     
   32.1509245943854     
   63.4598758718696     
   43.5940736034851     
   45.2605599542821     
   28.3591198662719     
   25.6670787843241     
   55.3067743690318     
   44.6802294138047     
   52.4328581799990     
   53.0777970667936     
   27.6752356148713     
   48.0065105970143     
   25.0310895218070     
   77.0236965229107     
   9.84393720968044     
   41.0998352001025     
   5.67582067357445     
   26.4348253551870     
   71.1923206422889     
   30.4046598915931     
   66.8350706665214     
   60.8389865508545     
   44.1628588829027     
   19.7215905252460     
   75.7726237358218     
   5.61551780606953     
   66.3362998541583     
   22.4876910073115     
   28.4290941944347     
   48.0065775330329     
   40.5525178327035     
   24.5209142691294     
   42.9969496032926     
   31.1988248434063     
   44.6581691342547     
   43.7204123380959     
   31.3065076717665     
   55.7089806517263     
   14.1963036176117     
   19.1977976334599     
   64.5698593878240     
   9.57755728781929     
   35.4971812453641     
   82.6692541963869     
   60.0691263597225     
   28.1104260149029     
   28.9539886666424     
   82.2484977047589     
   48.6508925874940     
   1.61620320483038     
   22.5444534537399     
   29.1332930736205     
   40.9556782713825     
   48.3808631734860     
   87.9665869257049     
   47.5023823621710     
   62.9048166610294     
   55.9271285466791     
   22.4710819364447     
   35.7560054380006     
   29.8437426492438     
   23.8513535811837     
   12.5984446703350     
   60.8756375367759     
   28.5678458430634     
   20.2114182945178     
   68.5522678599367     
   47.2957012685512     
   51.8849421518812     
   34.4943943574929     
   5.73197609084937     
   39.3659598939021     
   27.8837851691822     
   22.4313031207433     
   46.2360994381910     
   20.9779832713398     
   27.4531787571772     
   14.0061153545202     
   65.3571138143210     
   53.6738832819662     
   50.1143556624140     
   19.2164670630516     
   27.4519361373585     
   45.7902500018371     
   50.8438077924537     
   58.8558548977249     
   50.5413574420281     
   45.6842229000447     
   25.2251500283930     
   39.2862097062272     
   13.2335414200072     
   21.5569694701914     
   27.3046041351704     
   29.4600967890579     
   18.4989235112747     
   62.6656960447295     
   71.7652676905166     
   27.5553821933151     
   51.9295928564527     
   86.2559637196086     
   36.3095510465766     
   26.5365655541492     
   38.0143341858994     
   50.7543815058562     
   56.0243215144555     
   42.1324521653304     
   26.6615465200109     
   59.7524569943302     
   25.8734200844508     
   14.5308949692047     
   43.7475436254774     
   7.37510069657718     
   19.5202923491378     
   31.8644710777701     
   31.8538730138758     
   14.7541428615571     
   45.6036267575096     
   41.8651186264364     
   9.75712612589800     
   30.7507895329237     
   22.0260921179087     
   66.4265294041799     
   51.3924604605127     
   22.9276378829905     
   26.2606527688546     
   15.4146532438044     
   27.3632723761046     
   48.1961927124261     
   35.3391465508353     
   76.6020117349380     
   7.68563309263359     
   11.5013086101068     
   60.1070447504808     
   13.1412036381421     
   31.5677608618808     
   10.0078189594629     
   28.0768922214063     
   17.3159409092400     
   55.3506892010207     
   22.8186301847929     
   60.2356527572692     
   11.2303594622800     
   21.9109327563147     
   40.5744191693405     
   24.1482123367387     
   18.2825357000560     
   72.0937723726183     
   16.0614251437231     
   76.7448545069360     
   18.5085117005825     
   56.5550714121444     
   33.5721572650411     
   38.7098475621435     
   52.1719733526919     
   38.8761813085547     
   17.6823766371769     
   33.8246505577030     
   54.4395817951625     
   29.8684829903480     
   85.0591532216935     
   16.4142519067788     
   35.6165380455921     
   5.87160988426584     
   6.39100847863747     
   40.5010650107062     
   66.1145022610031     
   7.61144846667659     
   31.3307077090571     
   43.6785225915467     
   58.4264636974799     
   44.3003120022276     
   15.1332285299837     
   31.0320962022461     
   31.1794493257350     
   60.8821305727238     
   31.6173582577249     
   22.2678298129554     
   34.7928915257130     
   48.7202862873961     
   41.3214921025634     
   15.6424956238353     
   31.1047259658026     
   27.7408292298915     
   42.1062040513646     
   14.4190204321695     
   38.6132181133301     
   25.6226061428326     
   25.5134213594709     
   56.1820848116626     
   20.9231371777799     
   15.5481164593367     
   43.3661928465656     
   44.1440535642182     
   22.7889692628744     
   31.0504952631920     
   27.2253631240507     
   17.8370596549129     
   30.8741559231111     
   6.76917304408140     
   64.9918335120696     
   35.5036523984774     
   19.9101603588846     
   22.4951753373136     
   7.98912629886473     
   26.5946021117696     
   68.2853311752749     
   68.0998694998002     
   39.4017739082687     
   35.1728430142742     
   42.0460344984929     
   27.0577411187450     
   69.6411402369046     
   46.8458024305777     
   44.7577916519167     
   31.8724737825656     
   72.1098777489949     
   47.7925005781338     
   48.2136993686712     
   59.9811539343320     
   73.7116809033847     
   22.5644184066635     
   86.4024567050427     
   81.8245772943622     
   17.4072965190865     
   39.8991306328285     
   12.6322435802381     
   21.8008447018551     
   29.3740262665753     
   46.6511916800051     
   37.3335123248955     
   25.9657437945106     
   30.3272504743792     
   46.9175204360564     
   10.4440968297073     
   15.6418949139639     
   17.6776180438947     
   45.3541949118738     
   82.9307746732367     
   77.4140304258477     
   47.2666780191221     
   35.1969413335555     
   64.4804666718564     
   4.94432281499221     
   20.6269083875592     
   43.9770747467646     
   20.0689486713288     
   32.9715753152448     
   30.6313775651053     
   28.9095776096359     
   23.0195677226409     
   38.4428738340729     
   24.2522608473874     
   41.5841427655557     
   19.9902273116448     
   52.1378675628371     
   90.8565356185943     
   40.0010300371581     
   19.1949222864086     
   59.0722131090651     
   16.1777645411856     
   37.4062448703132     
   55.2221104770064     
   47.5274405504904     
   26.5380656965231     
   25.5667672480969     
   35.6893670448105     
   45.3673006266494     
   48.4015732424587     
   29.0727030250371     
   32.1213589343641     
   47.4869800731804     
   11.4356554263938     
   38.2740143653978     
   75.8284553714436     
   76.7453107640850     
   20.0218475190860     
   32.3303701891756     
   51.1746526526717     
   11.7490356280474     
   47.0002312938251     
   21.4785857977767     
   51.0983892969516     
   56.2049938681021     
   68.5239723704169     
   65.0219295194018     
   46.2650042168571     
   33.6924839012219     
   48.2972788090240     
   29.4209057803290     
   31.9845772368061     
   40.1769500443516     
   38.8935097745271     
   52.2635933888536     
   38.0338839757022     
   32.4796546962624     
   30.7221462516390     
   39.8583869182996     
   53.0209375595256     
   98.4573933234367     
   33.8590851837541     
   37.9898170031719     
   60.0370570567716     
   36.3957552127804     
   27.4177169954203     
   22.7825715550129     
   21.8706653328344     
   13.2490197407206     
   40.6002494374275     
   49.9841807444806     
   16.0695140689571     
   21.3674150653234     
   41.9045072977671     
   33.7071026351378     
   33.7330096416601     
   41.7898182514832     
   54.0358446480077     
   75.5031613144360     
   67.3235420067417     
   7.56205269251718     
   27.1687662022414     
   97.6946310470527     
   11.6055662712510     
   25.8583590952638     
   35.4950258595548     
   64.7204734616642     
   54.7346362735649     
   24.6391569630624     
   54.9784944807396     
   3.58550062236672     
   42.3999382899268     
   21.3448554065823     
   12.4042677962522     
   37.9298521110185     
   36.4218343941313     
   4.04974696276071     
   23.3950133663309     
   17.2395283380921     
   53.4776211183381     
   11.2525359713113     
   37.1777837289513     
   19.2258810939085     
   28.5103257914054     
   82.7164006031686     
   20.2773214856292     
   31.3559597132390     
   81.9870907752098     
   47.6670186322556     
   26.6449560577364     
   26.7193173614228     
   61.9322903858239     
   95.5944324395890     
   48.7388570465246     
   47.9526330322673     
   15.1441597720002     
   20.1633540723085     
   37.7751530921558     
   102.674299730233     
   73.3454988919866     
   28.2820381044879     
   67.6588654944518     
   30.5795236334995     
   17.1322874129679     
   36.5828653006908     
   47.1061432936952     
   44.3261746415020     
   13.3575545387895     
   33.3627847192365     
   54.7225199627849     
   46.2845082087808     
   24.3505360295711     
   40.9073850180571     
   46.7751637380349     
   52.1481719399014     
   20.9124458841070     
   14.5036381825878     
   43.8176580615915     
   90.7609394060954     
   43.3919677796234     
   45.6887590090386     
   79.4579457518986     
   81.2684038812884     
   74.0666767745453     
   66.0083466960377     
   16.5424471551058     
   37.1597746907842     
   51.2253809826516     
   41.9312448155771     
   75.5702922974140     
   9.68376678892167     
   51.5911429993658     
   19.1839844869155     
   26.3933991580114     
   18.3760210567630     
   66.7272904545130     
   45.5282048518810     
   11.8138287375269     
   45.0453446376885     
   26.9923907713382     
