22651  4 400 400 400 400 24 34 12 12 7 1 8.689 0 150 1
22629  1 400 400 400 400 24 24 12 12 7 1 0.000 0 1   0
22630  1 400 400 400 400 24 24 12 12 7 1 8.289 0 1   0
22631  1 400 400 400 400 24 24 12 12 7 1 8.289 0 1   0 
22632  1 400 400 400 400 24 24 12 12 7 1 8.289 0 4   0
22633  1 400 400 400 400 24 24 12 12 7 1 8.489 0 4   0
22634  1 400 400 400 400 24 24 12 12 7 1 8.489 0 4   0
22635  1 400 400 400 400 24 24 12 12 7 1 8.689 0 4   0
22636  1 400 400 400 400 24 24 12 12 7 1 8.689 0 20  0
22637  1 400 400 400 400 24 24 12 12 7 1 8.689 0 20  0
22638  1 400 400 400 400 24 24 12 12 7 1 8.689 0 60  0
22639  1 400 400 400 400 24 24 12 12 7 1 8.689 0 100 0
22640  1 400 400 400 400 24 24 12 12 7 1 8.689 0 150 0
22641  3 400 400 400 400 24 24 12 12 7 1 8.689 0 150 1
22642  1 400 400 400 400 24 24 12 12 7 1 8.689 0 150 0
22643  1 400 400 400 400 24 24 12 12 7 1 8.689 0 150 0
22644  4 400 400 400 400 24 24 12 12 7 1 8.689 0 150 1
22645  5 400 400 400 400 34 34 12 12 7 1 8.689 0 150 1
22646  2 400 400 400 400 34 44 12 12 7 1 8.689 0 150 1
22647  5 400 400 400 400 24 34 12 12 7 1 8.689 0 150 1
22648  1 400 400 400 400 24 34 12 12 7 1 8.689 0 150 0
22649  1 400 400 400 400 24 34 12 12 7 1 8.689 0 150 0
22650  9 400 400 400 400 24 34 12 12 7 1 8.689 0 150 1
22652  4 400 400 400 400 24 34 12 12 7 1 8.689 0 150 1
22653  5 400 400 400 400 24 34 12 12 7 1 8.689 0 150 1
22654  5 400 400 400 400 24 34 12 12 7 1 8.689 0 150 1
22655  5 400 400 400 400 24 34 12 12 7 1 8.689 0 150 1
22656  6 400 400 400 400 24 34 12 12 7 1 8.689 0 150 1
22657  5 400 400 400 400 24 34 12 12 7 1 8.689 0 150 1
22658  5 400 400 400 400 24 34 12 12 7 1 8.689 0 150 1
22659  5 400 400 400 400 24 34 12 12 7 1 8.689 0 150 1
22660  6 400 400 400 400 24 34 12 12 7 1 8.689 0 150 1
22661  5 400 400 400 400 24 34 12 12 7 1 8.689 0 150 1
22662  6 400 400 400 400 24 34 12 12 7 1 8.689 0 150 1
22663  5 400 400 400 400 24 34 12 12 7 1 8.689 0 150 1
22664  3 400 400 400 400 24 34 12 12 7 1 8.689 0 150 1
22665  4 400 400 400 400 24 34 12 12 7 1 8.689 0 150 1
22666  1 400 400 400 400 24 34 12 12 7 1 8.689 0 150 0
22667  6 400 400 400 400 24 34 12 12 7 1 8.689 0 150 1
22668  5 400 400 400 400 24 34 12 12 7 1 8.689 0 150 1
22669  6 400 400 400 400 24 34 12 12 7 1 8.689 0 150 1
22670  8 400 400 400 400 24 34 12 12 7 1 8.689 0 150 1
22671 14 400 400 400 400 24 34 12 12 7 1 8.689 0 150 1
22672  6 400 400 400 400 24 34 12 12 7 1 8.689 0 150 1
22673  5 400 400 400 400 24 34 12 12 7 1 8.689 0 150 1
22674  5 400 400 400 400 24 34 12 12 7 1 8.689 0 150 1
22675  2 400 400 400 400 24 34 12 12 7 1 8.689 0 150 1
22676  7 400 400 400 400 24 34 12 12 7 1 8.689 0 150 1
22677  9 400 400 400 400 24 34 12 12 7 1 8.689 0 150 1
22678  5 400 400 400 400 24 34 12 12 7 1 8.689 0 150 1
22679  4 400 400 400 400 24 34 12 12 7 1 8.689 0 150 1
22680  4 400 400 400 400 24 34 12 12 7 1 8.689 0 150 1
22681  4 400 400 400 400 24 34 12 12 7 1 8.689 0 150 1
22682  6 400 400 400 400 24 34 12 12 7 1 8.689 0 150 1
22683  7 400 400 400 400 24 34 12 12 7 1 8.689 0 150 1
22684  6 400 400 400 400 24 34 12 12 7 1 8.689 0 150 1
22685  9 400 400 400 400 24 34 12 12 7 1 8.689 0 150 1
22686  8 400 400 400 400 24 34 12 12 7 1 8.689 0 150 0
22687  3 400 400 400 400 24 34 12 12 7 1 8.689 0 150 1
22688  1 400 400 400 400 24 34 12 12 7 1 8.689 0 150 0
22689  4 400 400 400 400 24 34 12 12 7 1 8.689 0 150 1
22690  2 400 400 400 400 24 34 12 12 7 1 8.689 0 150 1
22691  2 400 400 400 400 24 34 12 12 7 1 8.689 0 150 1
22692  1 400 400 400 400 24 34 12 12 7 1 8.689 0 150 0
22693  4 400 400 400 400 24 34 12 12 7 1 8.689 0 150 1
22694  1 400 400 400 400 24 34 12 12 7 1 8.689 0 150 0
22695  0 400 400 400 400 24 34 12 12 7 1 8.689 0 150 0
22696  2 400 400 400 400 24 34 12 12 7 1 8.689 0 150 1
22697  5 400 400 400 400 24 34 12 12 7 1 8.689 0 150 1
22698  3 400 400 400 400 24 34 12 12 7 1 8.689 0 150 1
22699  1 400 400 400 400 24 34 12 12 7 1 8.689 0 150 0
22700  3 400 400 400 400 24 34 12 12 7 1 8.689 0 150 1
22701  2 400 400 400 400 24 34 12 12 7 1 8.689 0 150 1
22702  0 400 400 400 400 24 34 12 12 7 1 8.689 0 150 0
22703  1 400 400 400 400 24 34 12 12 7 1 8.689 0 150 0
22704  2 400 400 400 400 24 34 12 12 7 1 8.689 0 150 1
22705  3 400 400 400 400 24 34 12 12 7 1 8.689 0 150 1
22706  3 400 400 400 400 24 34 12 12 7 1 8.689 0 150 1
22707  0 400 400 400 400 24 34 12 12 7 1 0.000 0 0   0
22708  1 400 400 400 400 24 34 12 12 7 1 0.000 1 0   0
22709  1 400 400 400 400 24 34 12 12 7 1 0.000 0 150 0
22710  2 400 400 400 400 24 34 12 12 7 1 0.000 0 150 1
22711  2 400 400 400 400 24 34 12 12 7 1 0.000 0 150 1
22712  1 400 400 400 400 24 34 12 12 7 1 0.000 0 150 0
22713  1 400 400 400 400 24 34 12 12 7 1 0.000 0 150 0
22714  2 400 400 400 400 24 34 12 12 7 1 0.000 0 150 1
22715  1 400 400 400 400 24 34 12 12 7 1 0.000 0 150 0
22716  1 400 400 400 400 24 34 12 12 7 1 0.000 0 150 0
22717  1 400 400 400 400 24 34 12 12 7 1 0.000 0 150 0
22718  1 400 400 400 400 24 34 12 12 7 1 0.000 0 150 0
22719  2 400 400 400 400 24 34 12 12 7 1 0.000 0 150 1
22720  5 400 400 400 400 24 34 12 12 7 1 0.000 0 150 1
22721  6 400 400 400 400 24 34 12 12 7 1 0.000 0 150 1
22722  4 400 400 400 400 24 34 12 12 7 1 0.000 0 150 1
22723  5 400 400 400 400 24 34 12 12 7 1 0.000 0 150 1
22724  5 400 400 400 400 24 34 12 12 7 1 0.000 0 150 1
22725  5 400 400 400 400 24 34 12 12 7 1 0.000 0 150 1
22726  5 400 400 400 400 24 34 12 12 7 1 0.000 0 150 1
22727  5 400 400 400 400 24 34 12 12 7 1 0.000 0 150 1
22728  5 400 400 400 400 24 34 12 12 7 1 0.000 0 150 1
22729  5 400 400 400 400 24 34 12 12 7 1 0.000 0 150 1
22730  5 400 400 400 400 24 34 12 12 7 1 0.000 0 150 1
22731  5 400 400 400 400 24 34 12 12 7 1 0.000 0 150 1
22732  2 0   0   0   0   24 34 12 12 7 1 0.000 1 150 0
22733  2 0   0   0   0   24 34 12 12 7 1 0.000 0 150 0
22734  2 0   0   0   0   24 34 12 12 7 1 0.000 0 150 0
22735  1 0   0   0   0   24 34 12 12 7 1 0.000 0 150 0
22736  1 0   0   0   0   24 34 12 12 7 1 0.000 0 150 0
22737  5 400 400 400 400 24 34 12 12 7 1 0.000 0 150 0
22738  6 400 400 400 400 24 34 12 12 7 1 0.000 0 150 1
22739  7 400 400 400 400 24 34 12 12 7 1 0.000 0 150 1
22740  3 400 400 400 400 24 34 12 12 7 1 0.000 0 150 1
22741  5 400 400 400 400 24 34 12 12 7 1 0.000 0 150 1
22742  4 400 400 400 400 24 34 12 12 7 1 0.000 0 150 1
22743  3 400 400 400 400 24 34 12 12 7 1 0.000 0 150 1
22744  3 400 400 400 400 24 34 12 12 7 1 0.000 0 150 1
22745  6 400 400 400 400 24 34 12 12 7 1 0.000 0 150 1
22746  5 400 400 400 400 24 34 12 12 7 1 0.000 0 150 1
22747  5 400 400 400 400 24 34 12 12 7 1 0.000 0 150 1
22748  9 400 400 400 400 24 34 12 12 7 1 0.000 0 150 1
22749  3 400 400 400 400 24 34 12 12 7 1 0.000 1 150 1
22750  5 400 400 400 400 24 34 12 12 7 1 0.000 0 150 0
22751  4 400 400 400 400 24 34 12 12 7 1 0.000 0 150 1
22752  5 400 400 400 400 24 34 12 12 7 1 0.000 0 150 1
22753  2 400 400 400 400 24 34 12 12 7 1 0.000 0 150 1
22754  2 400 400 400 400 24 34 12 12 7 1 0.000 0 150 1
22755  2 400 400 400 400 24 34 12 12 7 1 0.000 0 150 1
22756  2 400 400 400 400 24 34 12 12 7 1 0.000 0 150 1
22757  1 400 400 400 400 24 34 12 12 7 1 0.000 0 150 0
22758  5 400 400 400 400 24 34 12 12 7 1 0.000 0 150 1
22759  5 400 400 400 400 24 34 12 12 7 1 0.000 0 150 1
22760  2 400 400 400 400 24 34 12 12 7 1 0.000 0 150 1
22761  1 400 400 400 400 24 34 12 12 7 1 0.000 1 150 0
22762  4 400 400 400 400 24 34 12 12 7 1 0.000 0 150 1
22763  5 400 400 400 400 24 34 12 12 7 1 0.000 0 150 1
22764  5 400 400 400 400 24 34 12 12 7 1 0.000 0 150 1
22765  5 400 400 400 400 24 34 12 12 7 1 0.000 0 150 1
22766  5 400 400 400 400 24 34 12 12 7 1 0.000 0 150 1
22767  5 400 400 400 400 24 34 12 12 7 1 0.000 0 150 1
22768  2 400 400 400 400 24 34 12 12 7 1 0.000 0 150 0
22769  4 400 400 400 400 24 34 12 12 7 1 0.000 0 150 1
22770  5 400 400 400 400 24 34 12 12 7 1 0.000 0 150 1
22771  6 400 400 400 400 24 34 12 12 7 1 0.000 0 150 1
22772  3 400 400 400 400 24 34 12 12 7 1 0.000 0 150 1
22773  4 400 400 400 400 24 34 12 12 7 1 0.000 0 150 1
22774  5 400 400 400 400 24 34 12 12 7 1 0.000 0 150 1
22775  5 400 400 400 400 24 34 12 12 7 1 0.000 0 150 1
22776  5 400 400 400 400 24 34 12 12 7 1 0.000 0 150 1
22777  5 400 400 400 400 24 34 12 12 7 1 0.000 0 150 1
22778  1 400 400 400 400 24 34 12 12 7 1 0.000 0 150 0
22779  5 400 400 400 400 24 34 12 12 7 1 0.000 0 150 1
22780  8 400 400 400 400 24 34 12 12 7 1 0.000 0 150 1
22781  5 400 400 400 400 24 34 12 12 7 1 0.000 0 150 1
22782  4 400 400 400 400 24 34 12 12 7 1 0.000 0 150 0
22783  4 400 400 400 400 24 34 12 12 7 1 0.000 0 150 1
22784  4 400 400 400 400 24 34 12 12 7 1 0.000 0 150 1
22785  4 400 400 400 400 24 34 12 12 7 1 0.000 0 150 1
22786  4 400 400 400 400 24 34 12 12 7 1 0.000 0 150 1
22787  5 400 400 400 400 24 34 12 12 7 1 0.000 0 150 1
22788  4 400 400 400 400 24 34 12 12 7 1 0.000 0 150 1
22789  5 400 400 400 400 24 34 12 12 7 1 0.000 0 150 1
22790  6 400 400 400 400 24 34 12 12 7 1 0.000 0 150 1
22791  5 400 400 400 400 24 34 12 12 7 1 0.000 0 150 1
22792  1 400 400 400 400 24 34 12 12 7 1 0.000 0 150 0
22793  3 400 400 400 400 24 34 12 12 7 1 0.000 0 150 1
22794  5 400 400 400 400 24 34 12 12 7 1 0.000 0 150 1
22795  6 400 400 400 400 24 34 12 12 7 1 0.000 0 150 1
22796 12 400 400 400 400 24 34 12 12 7 1 0.000 0 150 1
22797  5 400 400 400 400 24 34 12 12 7 1 0.000 0 150 1
22798  5 400 400 400 400 24 34 12 12 7 1 0.000 0 150 1
22799  7 400 400 400 400 24 34 12 12 7 1 0.000 0 150 0
22800  3 400 400 400 400 24 34 12 12 7 1 0.000 0 150 1
22801  3 400 400 400 400 24 34 12 12 7 1 0.000 0 150 1
22802  5 400 400 400 400 24 34 12 12 7 1 0.000 0 150 1
22803  3 400 400 400 400 24 34 12 12 7 1 0.000 0 150 1
22804  1 400 400 400 400 24 34 12 12 7 1 0.000 0 150 0
22805  3 400 400 400 400 24 34 12 12 7 1 0.000 1 150 1
22806  4 400 400 400 400 24 34 12 12 7 1 0.000 0 150 1
22807  5 400 400 400 400 24 34 12 12 7 1 0.000 0 150 1
22808  5 400 400 400 400 24 34 12 12 7 1 0.000 0 150 1
22809  4 400 400 400 400 24 34 12 12 7 1 0.000 0 150 1
22810  4 400 400 400 400 24 34 12 12 7 1 0.000 0 150 1
22811  5 400 400 400 400 24 34 12 12 7 1 0.000 0 150 1
22812  5 400 400 400 400 24 34 12 12 7 1 0.000 0 150 1
22813  5 400 400 400 400 24 34 12 12 7 1 0.000 0 150 1
22814  5 400 400 400 400 24 34 12 12 7 1 0.000 0 150 1
22815  5 400 400 400 400 24 34 12 12 7 1 0.000 0 150 1
22816  5 400 400 400 400 24 34 12 12 7 1 0.000 0 150 1
22817  3 400 400 400 400 24 34 12 12 7 1 0.000 0 150 1
22818  1 400 400 400 400 24 34 12 12 7 1 0.000 0 150 0
22819  6 400 400 400 400 24 34 12 12 7 1 0.000 0 150 1
22820  4 400 400 400 400 24 34 12 12 7 1 0.000 0 150 1
22821  6 400 400 400 400 24 34 12 12 7 1 0.000 0 150 1
22822  3 400 400 400 400 24 34 12 12 7 1 0.000 0 150 1
22823  3 400 400 400 400 24 34 12 12 7 1 0.000 0 150 1
22824  6 400 400 400 400 24 34 12 12 7 1 0.000 0 150 1
22825  8 400 400 400 400 24 34 12 12 7 1 0.000 0 150 1
22826 12 400 400 400 400 24 34 12 12 7 1 0.000 0 150 1
22827  6 400 400 400 400 24 34 12 12 7 1 0.000 0 150 1
22828  4 400 400 400 400 24 34 12 12 7 1 0.000 0 150 1
22829  3 400 400 400 400 24 34 12 12 7 1 0.000 0 150 1
22830  4 400 400 400 400 24 34 12 12 7 1 0.000 0 150 1
22831  4 400 400 400 400 24 34 12 12 7 1 0.000 0 150 1
22832  4 400 400 400 400 24 34 12 12 7 1 0.000 0 150 1
22833  4 400 400 400 400 24 34 12 12 7 1 0.000 0 150 1
22834  4 400 400 400 400 24 34 12 12 7 1 0.000 0 150 1
22835  4 400 400 400 400 24 34 12 12 7 1 0.000 0 150 1
22836  5 400 400 400 400 24 34 12 12 7 1 0.000 0 150 1
22837 10 400 400 400 400 24 34 12 12 7 1 0.000 0 150 1
22838  2 400 400 400 400 24 34 12 12 7 1 0.000 0 150 1
22839  1 400 400 400 400 24 34 12 12 7 1 0.000 0 150 0
22840  3 400 400 400 400 24 34 12 12 7 1 0.000 0 150 0
22841  1 400 400 400 400 24 34 12 12 7 1 0.000 0 150 0
22842  4 400 400 400 400 24 34 12 12 7 1 0.000 0 150 1
22843  6 400 400 400 400 24 34 12 12 7 1 0.000 0 150 1
22844  1 400 400 400 400 24 34 12 12 7 1 0.000 0 150 0
22845  5 400 400 400 400 24 34 12 12 7 1 0.000 0 150 1
22846  1 400 400 400 400 24 34 12 12 7 1 0.000 0 150 0
22847  1 400 400 400 400 24 34 12 12 7 1 0.000 0 150 0
22848  5 400 400 400 400 24 34 12 12 7 1 0.000 0 150 1
22849  5 400 400 400 400 24 34 12 12 7 1 0.000 0 150 1
22850  7 400 400 400 400 24 34 12 12 7 1 0.000 0 150 1
22851  5 400 400 400 400 24 34 12 12 7 1 0.000 0 150 1
22852  1 400 400 400 400 24 34 12 12 7 1 0.000 0 150 0
22853  6 400 400 400 400 24 34 12 12 7 1 0.000 0 150 1
22854  5 400 400 400 400 24 34 12 12 7 1 0.000 0 150 1
22855  5 400 400 400 400 24 34 12 12 7 1 0.000 0 150 1
22856  5 400 400 400 400 24 34 12 12 7 1 0.000 0 150 1
22857  1 400 400 400 400 24 34 12 12 7 1 0.000 0 150 0
22858  5 400 400 400 400 24 34 12 12 7 1 0.000 0 150 1
22859  5 400 400 400 400 24 34 12 12 7 1 0.000 0 150 1
22860  5 400 400 400 400 24 34 12 12 7 1 0.000 0 150 1
22861  5 400 400 400 400 24 34 12 12 7 1 0.000 0 150 1
22862  1 400 400 400 400 24 34 12 12 7 1 0.000 0 150 0
22863 10 400 400 400 400 24 34 12 12 7 1 0.000 1 150 1
22864  6 400 400 400 400 24 34 12 12 7 1 0.000 0 150 1
22865  4 400 400 400 400 24 34 12 12 7 1 0.000 0 150 1
22866  5 400 400 400 400 24 34 12 12 7 1 0.000 0 150 1
22867  4 400 400 400 400 24 34 12 12 7 1 0.000 0 150 1
22868  4 400 400 400 400 24 34 12 12 7 1 0.000 0 150 1
22869  5 400 400 400 400 24 34 12 12 7 1 0.000 0 150 1
22870  5 400 400 400 400 24 34 12 12 7 1 0.000 0 150 1
22871  5 400 400 400 400 24 34 12 12 7 1 0.000 0 150 1
22872  5 400 400 400 400 24 34 12 12 7 1 0.000 0 150 1
22873  2 400 400 400 400 24 34 12 12 7 1 0.000 0 150 1
22874  2 400 400 400 400 24 34 12 12 7 1 0.000 0 150 1
22875 10 400 400 400 400 24 34 12 12 7 1 0.000 0 150 1
22876  2 400 400 400 400 24 34 12 12 7 1 0.000 0 150 1
22877  0 400 400 400 400 24 34 12 12 7 1 0.000 0 150 0
22878  2 400 400 400 400 24 34 12 12 7 1 0.000 0 150 1
22879  1 400 400 400 400 24 34 12 12 7 1 0.000 0 150 0
22880  1 400 400 400 400 24 34 12 12 7 1 0.000 1 150 0
22881  6 400 400 400 400 24 34 12 12 7 1 0.000 0 150 1
22882  5 400 400 400 400 24 34 12 12 7 1 0.000 0 150 1
22883  5 400 400 400 400 24 34 12 12 7 1 0.000 0 150 1
22884  5 400 400 400 400 24 34 12 12 7 1 0.000 0 150 1
22885  5 400 400 400 400 24 34 12 12 7 1 0.000 0 150 1
22886  5 400 400 400 400 24 34 12 12 7 1 0.000 0 150 1
22887  1 400 400 400 400 24 34 12 12 7 1 0.000 0 150 0
22888  4 400 400 400 400 24 34 12 12 7 1 0.000 0 150 1
22889  5 400 400 400 400 24 34 12 12 7 1 0.000 0 150 1
22890  5 400 400 400 400 24 34 12 12 7 1 0.000 0 150 1
22891  6 400 400 400 400 24 34 12 12 7 1 0.000 0 150 1
22892  4 400 400 400 400 24 34 12 12 7 1 0.000 0 150 1
22893  4 400 400 400 400 24 34 12 12 7 1 0.000 0 150 1
22894  4 400 400 400 400 24 34 12 12 7 1 0.000 0 150 0
22895  7 400 400 400 400 24 34 12 12 7 1 0.000 0 150 1
22896  6 400 400 400 400 24 34 12 12 7 1 0.000 0 150 1
22897  5 400 400 400 400 24 34 12 12 7 1 0.000 0 150 1
22898  6 400 400 400 400 24 34 12 12 7 1 0.000 0 150 1
22899  2 400 400 400 400 24 34 12 12 7 1 0.000 0 150 0
22900  3 400 400 400 400 24 34 12 12 7 1 0.000 0 150 0
22901  5 400 400 400 400 24 34 12 12 7 1 0.000 0 150 1
22902  6 400 400 400 400 24 34 12 12 7 1 0.000 0 150 1
22903  1 400 400 400 400 24 34 12 12 7 1 0.000 0 150 0
22904  4 400 400 400 400 24 34 12 12 7 1 0.000 0 150 1
22905  1 400 400 400 400 24 34 12 12 7 1 0.000 0 150 0
22906  1 400 400 400 400 24 34 12 12 7 1 0.000 0 150 0
22907  2 400 400 400 400 24 34 12 12 7 1 0.000 0 150 1
22908  5 400 400 400 400 24 34 12 12 7 1 0.000 0 150 1
22909  3 400 400 400 400 24 34 12 12 7 1 0.000 0 150 1
22910  5 400 400 400 400 24 34 12 12 7 1 0.000 0 150 1
22911  5 400 400 400 400 24 34 12 12 7 1 0.000 0 150 1
22912  1 400 400 400 400 24 34 12 12 7 1 0.000 0 150 0
22913  5 400 400 400 400 24 34 12 12 7 1 0.000 0 150 1
22914  7 400 400 400 400 24 34 12 12 7 1 0.000 0 150 1
22915  5 400 400 400 400 24 34 12 12 7 1 0.000 0 150 1
22916  4 400 400 400 400 24 34 12 12 7 1 0.000 0 150 1
22917  5 400 400 400 400 24 34 12 12 7 1 0.000 0 150 1
22918  4 400 400 400 400 24 34 12 12 7 1 0.000 0 150 1
22919  5 400 400 400 400 24 34 12 12 7 1 0.000 0 150 1
22920  5 400 400 400 400 24 34 12 12 7 1 0.000 0 150 1
22921  1 400 400 400 400 24 34 12 12 7 1 0.000 0 150 0
22922  5 400 400 400 400 24 34 12 12 7 1 0.000 0 150 1
22923  1 400 400 400 400 24 34 12 12 7 1 0.000 0 150 0
22924  5 400 400 400 400 24 34 12 12 7 1 0.000 0 150 1
22925  5 400 400 400 400 24 34 12 12 7 1 0.000 0 150 1
22926  6 400 400 400 400 24 34 12 12 7 1 0.000 0 150 1
22927  6 400 400 400 400 24 34 12 12 7 1 0.000 0 150 1
22928  1 400 400 400 400 24 34 12 12 7 1 0.000 0 150 0
22929  1 400 400 400 400 24 34 12 12 7 1 0.000 0 150 0
22930  1 400 400 400 400 24 34 12 12 7 1 0.000 0 150 0
22931  1 400 400 400 400 24 34 12 12 7 1 0.000 0 150 0
22932  1 400 400 400 400 24 34 12 12 7 1 0.000 0 150 0
22933  1 400 400 400 400 24 34 12 12 7 1 0.000 0 150 0
22934  1 400 400 400 400 24 34 12 12 7 1 0.000 0 150 0
22935  1 400 400 400 400 24 34 12 12 7 1 0.000 0 150 0
22936  3 400 400 400 400 24 34 12 12 7 1 0.000 0 150 1
22937  5 400 400 400 400 24 34 12 12 7 1 0.000 0 150 1
22938  5 400 400 400 400 24 34 12 12 7 1 0.000 0 150 1
22939  5 400 400 400 400 24 34 12 12 7 1 0.000 0 150 1
22940  5 400 400 400 400 24 34 12 12 7 1 0.000 0 150 1
22941  4 400 400 400 400 24 34 12 12 7 1 0.000 0 150 1
22942  0 400 400 400 400 24 34 12 12 7 1 0.000 0 150 0
22943  4 400 400 400 400 24 34 12 12 7 1 0.000 0 150 1
22944  6 400 400 400 400 24 34 12 12 7 1 0.000 0 150 1
22945  1 400 400 400 400 24 34 12 12 7 1 0.000 0 150 0
22946  1 400 400 400 400 24 34 12 12 7 1 0.000 0 150 0
22947  4 400 400 400 400 24 34 12 12 7 1 0.000 0 150 1
22948  1 400 400 400 400 24 34 12 12 7 1 0.000 0 150 0
22949  1 400 400 400 400 24 34 12 12 7 1 0.000 0 150 0
22950  1 400 400 400 400 24 34 12 12 7 1 0.000 0 150 0
22951  1 400 400 400 400 24 34 12 12 7 1 0.000 0 150 0
22952  1 400 400 400 400 24 34 12 12 7 1 0.000 0 150 0
22953  1 400 400 400 400 24 34 12 12 7 1 0.000 0 150 0
22954  1 400 400 400 400 24 34 12 12 7 1 0.000 0 150 0
22955  6 400 400 400 400 24 34 12 12 7 1 0.000 0 150 1
22956  4 400 400 400 400 24 34 12 12 7 1 0.000 0 150 1
22957  2 400 400 400 400 24 34 12 12 7 1 0.000 0 150 1
22958  6 400 400 400 400 24 34 12 12 7 1 0.000 0 150 1
22959  6 400 400 400 400 24 34 12 12 7 1 0.000 0 150 1
22960  1 400 400 400 400 24 34 12 12 7 1 0.000 0 150 0
22961  4 400 400 400 400 24 34 12 12 7 1 0.000 0 150 1
22962  5 400 400 400 400 24 34 12 12 7 1 0.000 0 150 1
22963  4 400 400 400 400 24 34 12 12 7 1 0.000 0 150 1
22964  4 400 400 400 400 24 34 12 12 7 1 0.000 0 150 1
22965  4 400 400 400 400 24 34 12 12 7 1 0.000 0 150 1
22966  1 400 400 400 400 24 34 12 12 7 1 0.000 0 150 0
22967  4 400 400 400 400 24 34 12 12 7 1 0.000 0 150 1
22968  2 400 400 400 400 24 34 12 12 7 1 0.000 0 150 1
22969  3 400 400 400 400 24 34 12 12 7 1 0.000 0 150 1
22970  5 400 400 400 400 24 34 12 12 7 1 0.000 0 150 1
22971 10 400 400 400 400 24 34 12 12 7 1 0.000 0 150 1
22972  5 400 400 400 400 24 34 12 12 7 1 0.000 0 150 1
22973  2 400 400 400 400 24 34 12 12 7 1 0.000 0 150 1
22974  1 400 400 400 400 24 34 12 12 7 1 0.000 0 150 0
22975  3 400 400 400 400 24 34 12 12 7 1 0.000 0 150 0
22976  2 400 400 400 400 24 34 12 12 7 1 0.000 0 150 0
22977  1 400 400 400 400 24 34 12 12 7 1 0.000 0 150 0
22978  1 400 400 400 400 24 34 12 12 7 1 0.000 0 150 0
22979  1 400 400 400 400 24 34 12 12 7 1 0.000 0 150 0
22980  1 400 400 400 400 24 34 12 12 7 1 0.000 0 150 0
22981  1 400 400 400 400 24 34 12 12 7 1 0.000 0 150 0
22982  1 400 400 400 400 24 34 12 12 7 1 0.000 0 150 0
22983  4 400 400 400 400 24 34 12 12 7 1 0.000 1 150 1
22984  4 400 400 400 400 24 34 12 12 7 1 0.000 0 150 1
22985  1 400 400 400 400 24 34 12 12 7 1 0.000 0 150 0
22986  4 400 400 400 400 24 34 12 12 7 1 0.000 0 150 1
22987  4 400 400 400 400 24 34 12 12 7 1 0.000 0 150 1
22988  5 400 400 400 400 24 34 12 12 7 1 0.000 0 150 1
22989  8 400 400 400 400 24 34 12 12 7 1 0.000 0 150 1
22990  5 400 400 400 400 24 34 12 12 7 1 0.000 0 150 1
22991  5 400 400 400 400 24 34 12 12 7 1 0.000 0 150 1
22992  5 400 400 400 400 24 34 12 12 7 1 0.000 0 150 1
22993  5 400 400 400 400 24 34 12 12 7 1 0.000 0 150 1
22994  1 400 400 400 400 24 34 12 12 7 1 0.000 0 150 0
22995  1 400 400 400 400 24 34 12 12 7 1 0.000 0 150 0
22996  1 400 400 400 400 24 34 12 12 7 1 0.000 0 150 0
22997  2 400 400 400 400 24 34 12 12 7 1 0.000 0 150 1
22998  5 400 400 400 400 24 34 12 12 7 1 0.000 0 150 1
22999  1 400 400 400 400 24 34 12 12 7 1 0.000 0 150 0
23000  2 400 400 400 400 24 34 12 12 7 1 0.000 0 150 1
23001  2 400 400 400 400 24 34 12 12 7 1 0.000 0 150 1
23002  1 400 400 400 400 24 34 12 12 7 1 0.000 0 150 0
23003  2 400 400 400 400 24 34 12 12 7 1 0.000 0 150 0
23004  3 400 400 400 400 24 34 12 12 7 1 0.000 0 150 0
23005  1 400 400 400 400 24 34 12 12 7 1 0.000 0 150 0
23006  4 400 400 400 400 24 34 12 12 7 1 0.000 0 150 0
23007  6 400 400 400 400 24 34 12 12 7 1 0.000 0 150 0
23008  1 400 400 400 400 24 34 12 12 7 1 0.000 0 150 0
23009  6 400 400 400 400 24 34 12 12 7 1 0.000 0 150 0
23010  1 400 400 400 400 24 34 12 12 7 1 0.000 0 150 0



