22641.0  50.
22644.0  50.
22645.0  50.
22646.0  50.
22647.0  50.
22650.0  50.
22651.0  50.
22652.0  50.
22653.0  50.
22654.0  50.
22655.0  50.
22656.0  50.
22657.0  50.
22658.0  50.
22659.0  50.
22660.0  50.
22661.0  50.
22662.0  50.
22663.0  50.
22664.0  50.
22665.0  50.
22667.0  50.
22668.0  50.
22669.0  50.
22670.0  50.
22671.0  50.
22672.0  50.
22673.0  50.
22674.0  50.
22675.0  50.
22676.0  50.
22677.0  50.
22678.0  50.
22679.0  50.
22680.0  50.
22681.0  50.
22682.0  50.
22683.0  50.
22684.0  50.
22685.0  50.
22687.0  50.
22689.0  50.
22690.0  50.
22691.0  50.
22693.0  50.
22696.0  50.
22697.0  50.
22698.0  50.
22700.0  50.
22701.0  50.
22704.0  50.
22705.0  50.
22706.0  50.
22710.0  50.
22711.0  50.
22714.0  50.
22719.0  50.
22720.0  50.
22721.0  50.
22722.0  50.
22723.0  50.
22724.0  50.
22725.0  50.
22726.0  50.
22727.0  50.
22728.0  50.
22729.0  50.
22730.0  50.
22731.0  50.
22737.0  50.
22738.0  50.
22739.0  50.
22740.0  50.
22741.0  50.
22742.0  50.
22743.0  50.
22744.0  50.
22745.0  50.
22746.0  50.
22747.0  50.
22748.0  50.
22749.0  50.
22750.0  50.
22751.0  50.
22752.0  50.
22753.0  50.
22754.0  50.
22755.0  50.
22756.0  50.
22758.0  50.
22759.0  50.
22760.0  50.
22762.0  47.
22763.0  47.
22764.0  47.
22765.0  47.
22766.0  47.
22767.0  47.
22768.0  47.
22769.0  47.
22770.0  47.
22771.0  47.
22772.0  47.
22773.0  47.
22774.0  47.
22775.0  48.
22776.0  48.
22777.0  48.
22779.0  48.
22780.0  48.
22781.0  48.
22782.0  48.
22783.0  48.
22784.0  48.
22785.0  48.
22786.0  48.
22787.0  48.
22788.0  48.
22789.0  48.
22790.0  48.
22791.0  48.
22792.0  48.
22793.0  48.
22794.0  48.
22795.0  48.
22796.0  48.
22797.0  48.
22798.0  48.
22799.0  48.
22800.0  48.
22801.0  48.
22802.0  48.
22803.0  48.
22804.0  48.
22805.0  45.
22806.0  45.
22807.0  45.
22808.0  45.
22809.0  45.
22810.0  45.
22811.0  45.
22812.0  45.
22813.0  45.
22814.0  45.
22815.0  45.
22816.0  45.
22817.0  45.
22818.0  45.
22819.0  45.
22820.0  45.
22821.0  45.
22822.0  45.
22823.0  45.
22824.0  45.
22825.0  45.
22826.0  45.
22827.0  45.
22828.0  45.
22829.0  45.
22830.0  45.
22831.0  45.
22832.0  45.
22833.0  45.
22834.0  45.
22835.0  45.
22836.0  45.
22837.0  45.
22838.0  45.
22839.0  45.
22840.0  45.
22841.0  45.
22842.0  45.
22843.0  45.
22844.0  45.
22845.0  45.
22846.0  45.
22847.0  45.
22848.0  45.
22849.0  45.
22850.0  45.
22851.0  45.
22852.0  45.
22853.0  45.
22854.0  45.
22855.0  45.
22856.0  45.
22857.0  45.
22858.0  45.
22859.0  45.
22860.0  45.
22861.0  45.
22862.0  45.
22863.0  43.
22864.0  43.
22865.0  43.
22866.0  43.
22867.0  43.
22868.0  43.
22869.0  43.
22870.0  43.
22871.0  43.
22872.0  43.
22873.0  43.
22874.0  43.
22875.0  43.
22876.0  43.
22877.0  43.
22878.0  43.
22879.0  43.
22880.0  43.
22881.0  48.
22882.0  48.
22883.0  48.
22884.0  48.
22885.0  48.
22886.0  48.
22887.0  48.
22888.0  48.
22889.0  48.
22890.0  48.
22891.0  48.
22892.0  48.
22893.0  48.
22894.0  48.
22895.0  48.
22896.0  48.
22897.0  48.
22898.0  48.
22899.0  48.
22900.0  48.
22901.0  48.
22902.0  48.
22903.0  48.
22904.0  48.
22905.0  48.
22906.0  48.
22907.0  48.
22908.0  48.
22909.0  48.
22910.0  48.
22911.0  48.
22912.0  48.
22913.0  48.
22914.0  48.
22915.0  48.
22916.0  48.
22917.0  48.
22918.0  48.
22919.0  48.
22920.0  48.
22921.0  48.
22922.0  48.
22923.0  48.
22924.0  48.
22925.0  48.
22926.0  48.
22927.0  48.
22928.0  48.
22929.0  48.
22930.0  48.
22931.0  48.
22932.0  48.
22933.0  48.
22934.0  48.
22935.0  48.
22936.0  48.
22937.0  48.
22938.0  48.
22939.0  48.
22940.0  48.
22941.0  48.
22942.0  48.
22943.0  48.
22944.0  48.
22945.0  48.
22946.0  48.
22947.0  48.
22948.0  48.
22949.0  48.
22950.0  48.
22951.0  48.
22952.0  48.
22953.0  48.
22954.0  48.
22955.0  48.
22956.0  48.
22957.0  48.
22958.0  48.
22959.0  48.
22960.0  48.
22961.0  48.
22962.0  48.
22963.0  48.
22964.0  48.
22965.0  48.
22966.0  48.
22967.0  48.
22968.0  48.
22969.0  48.
22970.0  48.
22971.0  48.
22972.0  48.
22973.0  48.
22974.0  48.
22975.0  48.
22976.0  48.
22977.0  48.
22978.0  48.
22979.0  48.
22980.0  48.
22981.0  48.
22982.0  49.
22983.0  49.
22984.0  49.
22985.0  49.
22986.0  49.
22987.0  49.
22988.0  49.
22989.0  49.
22990.0  49.
22991.0  49.
22992.0  49.
22993.0  49.
22994.0  49.
22995.0  49.
22996.0  49.
22997.0  49.
22998.0  49.
22999.0  49.
23000.0  49.
23001.0  49.
23002.0  49.
23003.0  49.
23004.0  49.
23005.0  49.
23006.0  49.
23007.0  49.
23008.0  49.
23009.0  49.
23010.0  49.
