 0.017221  1.000000
 0.017202  0.998912
 0.017182  0.997825
 0.017163  0.996737
 0.017143  0.995650
 0.017123  0.994562
 0.017104  0.993475
 0.017085  0.992387
 0.017065  0.991300
 0.017045  0.990212
 0.017026  0.989125
 0.017006  0.988037
 0.016987  0.986950
 0.016967  0.985862
 0.016948  0.984775
 0.016928  0.983687
 0.016909  0.982600
 0.016889  0.981512
 0.016870  0.980425
 0.016850  0.979337
 0.016831  0.978250
 0.016811  0.977162
 0.016792  0.976075
 0.016773  0.974987
 0.016753  0.973900
 0.016733  0.972812
 0.016714  0.971725
 0.016694  0.970637
 0.016675  0.969549
 0.016656  0.968462
 0.016636  0.967374
 0.016616  0.966287
 0.016597  0.965199
 0.016577  0.964112
 0.016558  0.963024
 0.016539  0.961937
 0.016519  0.960849
 0.016499  0.959762
 0.016480  0.958674
 0.016461  0.957587
 0.016441  0.956499
 0.016422  0.955412
 0.016402  0.954324
 0.016383  0.953237
 0.016363  0.952149
 0.016344  0.951062
 0.016324  0.949974
 0.016305  0.948887
 0.016286  0.947799
 0.016266  0.946712
 0.016247  0.945624
 0.016227  0.944537
 0.016208  0.943449
 0.016188  0.942361
 0.016169  0.941274
 0.016150  0.940186
 0.016130  0.939099
 0.016111  0.938011
 0.016091  0.936924
 0.016071  0.935836
 0.016052  0.934749
 0.016033  0.933661
 0.016014  0.932574
 0.015994  0.931486
 0.015975  0.930399
 0.015955  0.929311
 0.015936  0.928224
 0.015916  0.927136
 0.015897  0.926049
 0.015877  0.924961
 0.015858  0.923874
 0.015839  0.922786
 0.015819  0.921699
 0.015800  0.920611
 0.015781  0.919524
 0.015761  0.918436
 0.015742  0.917349
 0.015722  0.916261
 0.015703  0.915173
 0.015683  0.914086
 0.015664  0.912998
 0.015645  0.911911
 0.015625  0.910823
 0.015606  0.909736
 0.015587  0.908648
 0.015567  0.907561
 0.015548  0.906473
 0.015528  0.905386
 0.015509  0.904298
 0.015490  0.903211
 0.015470  0.902123
 0.015451  0.901036
 0.015431  0.899948
 0.015412  0.898861
 0.015393  0.897773
 0.015373  0.896686
 0.015354  0.895598
 0.015335  0.894511
 0.015316  0.893423
 0.015296  0.892336
 0.015277  0.891248
 0.015257  0.890161
 0.015238  0.889073
 0.015219  0.887985
 0.015199  0.886898
 0.015180  0.885810
 0.015160  0.884723
 0.015141  0.883635
 0.015122  0.882548
 0.015102  0.881460
 0.015083  0.880373
 0.015064  0.879285
 0.015044  0.878198
 0.015025  0.877110
 0.015006  0.876023
 0.014986  0.874935
 0.014967  0.873848
 0.014948  0.872760
 0.014929  0.871673
 0.014909  0.870585
 0.014890  0.869498
 0.014871  0.868410
 0.014851  0.867323
 0.014832  0.866235
 0.014813  0.865148
 0.014793  0.864060
 0.014774  0.862972
 0.014755  0.861885
 0.014736  0.860797
 0.014716  0.859710
 0.014697  0.858622
 0.014678  0.857535
 0.014658  0.856447
 0.014639  0.855360
 0.014620  0.854272
 0.014600  0.853185
 0.014581  0.852097
 0.014562  0.851010
 0.014543  0.849922
 0.014523  0.848835
 0.014504  0.847747
 0.014485  0.846660
 0.014465  0.845572
 0.014446  0.844485
 0.014427  0.843397
 0.014408  0.842310
 0.014388  0.841222
 0.014369  0.840135
 0.014350  0.839047
 0.014330  0.837960
 0.014311  0.836872
 0.014292  0.835785
 0.014273  0.834697
 0.014253  0.833610
 0.014234  0.832522
 0.014215  0.831434
 0.014195  0.830347
 0.014176  0.829259
 0.014157  0.828172
 0.014138  0.827084
 0.014119  0.825997
 0.014099  0.824909
 0.014080  0.823822
 0.014061  0.822734
 0.014042  0.821647
 0.014023  0.820559
 0.014003  0.819472
 0.013984  0.818384
 0.013965  0.817297
 0.013945  0.816209
 0.013926  0.815122
 0.013907  0.814034
 0.013888  0.812947
 0.013868  0.811859
 0.013849  0.810772
 0.013830  0.809684
 0.013811  0.808597
 0.013792  0.807509
 0.013773  0.806422
 0.013753  0.805334
 0.013734  0.804246
 0.013715  0.803159
 0.013696  0.802071
 0.013677  0.800984
 0.013657  0.799896
 0.013638  0.798809
 0.013619  0.797721
 0.013599  0.796634
 0.013580  0.795546
 0.013561  0.794459
 0.013542  0.793371
 0.013523  0.792284
 0.013504  0.791196
 0.013485  0.790109
 0.013465  0.789021
 0.013446  0.787934
 0.013427  0.786846
 0.013408  0.785759
 0.013388  0.784671
 0.013369  0.783584
 0.013350  0.782496
 0.013331  0.781409
 0.013312  0.780321
 0.013293  0.779234
 0.013274  0.778146
 0.013254  0.777058
 0.013235  0.775971
 0.013216  0.774883
 0.013197  0.773796
 0.013178  0.772708
 0.013159  0.771621
 0.013140  0.770533
 0.013120  0.769446
 0.013101  0.768358
 0.013082  0.767271
 0.013063  0.766183
 0.013044  0.765096
 0.013025  0.764008
 0.013005  0.762921
 0.012986  0.761833
 0.012967  0.760746
 0.012948  0.759658
 0.012929  0.758571
 0.012910  0.757483
 0.012891  0.756396
 0.012872  0.755308
 0.012852  0.754221
 0.012833  0.753133
 0.012814  0.752046
 0.012795  0.750958
 0.012776  0.749870
 0.012757  0.748783
 0.012738  0.747695
 0.012718  0.746608
 0.012699  0.745520
 0.012680  0.744433
 0.012661  0.743345
 0.012642  0.742258
 0.012623  0.741170
 0.012604  0.740083
 0.012585  0.738995
 0.012565  0.737908
 0.012547  0.736820
 0.012528  0.735733
 0.012508  0.734645
 0.012489  0.733558
 0.012470  0.732470
 0.012451  0.731383
 0.012432  0.730295
 0.012413  0.729208
 0.012394  0.728120
 0.012375  0.727033
 0.012355  0.725945
 0.012337  0.724858
 0.012318  0.723770
 0.012298  0.722682
 0.012279  0.721595
 0.012260  0.720507
 0.012241  0.719420
 0.012222  0.718332
 0.012203  0.717245
 0.012184  0.716157
 0.012165  0.715070
 0.012146  0.713982
 0.012127  0.712895
 0.012108  0.711807
 0.012088  0.710720
 0.012069  0.709632
 0.012051  0.708545
 0.012031  0.707457
 0.012012  0.706370
 0.011993  0.705282
 0.011974  0.704195
 0.011955  0.703107
 0.011936  0.702020
 0.011917  0.700932
 0.011898  0.699845
 0.011879  0.698757
 0.011860  0.697670
 0.011841  0.696582
 0.011822  0.695494
 0.011803  0.694407
 0.011784  0.693319
 0.011765  0.692232
 0.011746  0.691144
 0.011727  0.690057
 0.011708  0.688969
 0.011689  0.687882
 0.011670  0.686794
 0.011651  0.685707
 0.011632  0.684619
 0.011613  0.683532
 0.011594  0.682444
 0.011575  0.681357
 0.011556  0.680269
 0.011537  0.679182
 0.011517  0.678094
 0.011499  0.677007
 0.011480  0.675919
 0.011460  0.674832
 0.011442  0.673744
 0.011423  0.672657
 0.011404  0.671569
 0.011384  0.670482
 0.011366  0.669394
 0.011347  0.668307
 0.011328  0.667219
 0.011308  0.666131
 0.011290  0.665044
 0.011271  0.663956
 0.011252  0.662869
 0.011233  0.661781
 0.011214  0.660694
 0.011195  0.659606
 0.011176  0.658519
 0.011157  0.657431
 0.011138  0.656344
 0.011119  0.655256
 0.011100  0.654169
 0.011081  0.653081
 0.011062  0.651994
 0.011043  0.650906
 0.011024  0.649819
 0.011005  0.648731
 0.010986  0.647644
 0.010967  0.646556
 0.010948  0.645469
 0.010929  0.644381
 0.010910  0.643294
 0.010892  0.642206
 0.010872  0.641119
 0.010854  0.640031
 0.010835  0.638943
 0.010816  0.637856
 0.010797  0.636768
 0.010778  0.635681
 0.010759  0.634593
 0.010740  0.633506
 0.010721  0.632418
 0.010702  0.631331
 0.010683  0.630243
 0.010664  0.629156
 0.010645  0.628068
 0.010626  0.626981
 0.010608  0.625893
 0.010588  0.624806
 0.010569  0.623718
 0.010551  0.622631
 0.010532  0.621543
 0.010513  0.620456
 0.010494  0.619368
 0.010475  0.618281
 0.010456  0.617193
 0.010437  0.616106
 0.010418  0.615018
 0.010399  0.613931
 0.010381  0.612843
 0.010361  0.611755
 0.010343  0.610668
 0.010324  0.609580
 0.010305  0.608493
 0.010286  0.607405
 0.010267  0.606318
 0.010248  0.605230
 0.010230  0.604143
 0.010210  0.603055
 0.010192  0.601968
 0.010173  0.600880
 0.010154  0.599793
 0.010135  0.598705
 0.010116  0.597618
 0.010097  0.596530
 0.010079  0.595443
 0.010059  0.594355
 0.010041  0.593268
 0.010022  0.592180
 0.010003  0.591093
 0.009984  0.590005
 0.009965  0.588918
 0.009946  0.587830
 0.009928  0.586743
 0.009908  0.585655
 0.009890  0.584567
 0.009871  0.583480
 0.009852  0.582392
 0.009833  0.581305
 0.009814  0.580217
 0.009796  0.579130
 0.009777  0.578042
 0.009758  0.576955
 0.009739  0.575867
 0.009720  0.574780
 0.009701  0.573692
 0.009682  0.572605
 0.009664  0.571517
 0.009645  0.570430
 0.009626  0.569342
 0.009607  0.568255
 0.009588  0.567167
 0.009569  0.566080
 0.009551  0.564992
 0.009532  0.563905
 0.009513  0.562817
 0.009494  0.561730
 0.009475  0.560642
 0.009456  0.559555
 0.009438  0.558467
 0.009419  0.557379
 0.009400  0.556292
 0.009381  0.555204
 0.009362  0.554117
 0.009344  0.553029
 0.009325  0.551942
 0.009306  0.550854
 0.009287  0.549767
 0.009268  0.548679
 0.009250  0.547592
 0.009231  0.546504
 0.009212  0.545417
 0.009193  0.544329
 0.009175  0.543242
 0.009156  0.542154
 0.009137  0.541067
 0.009118  0.539979
 0.009099  0.538892
 0.009081  0.537804
 0.009062  0.536717
 0.009043  0.535629
 0.009024  0.534542
 0.009006  0.533454
 0.008987  0.532367
 0.008968  0.531279
 0.008949  0.530192
 0.008931  0.529104
 0.008911  0.528016
 0.008893  0.526929
 0.008874  0.525841
 0.008855  0.524754
 0.008837  0.523666
 0.008818  0.522579
 0.008799  0.521491
 0.008780  0.520404
 0.008761  0.519316
 0.008743  0.518229
 0.008724  0.517141
 0.008705  0.516054
 0.008687  0.514966
 0.008668  0.513879
 0.008649  0.512791
 0.008630  0.511704
 0.008612  0.510616
 0.008593  0.509529
 0.008574  0.508441
 0.008555  0.507354
 0.008537  0.506266
 0.008518  0.505179
 0.008499  0.504091
 0.008481  0.503004
 0.008462  0.501916
 0.008443  0.500829
 0.008424  0.499741
 0.008406  0.498653
 0.008387  0.497566
 0.008368  0.496478
 0.008349  0.495391
 0.008331  0.494303
 0.008312  0.493216
 0.008294  0.492128
 0.008274  0.491041
 0.008256  0.489953
 0.008237  0.488866
 0.008219  0.487778
 0.008200  0.486691
 0.008181  0.485603
 0.008162  0.484516
 0.008144  0.483428
 0.008125  0.482341
 0.008106  0.481253
 0.008088  0.480166
 0.008069  0.479078
 0.008050  0.477991
 0.008031  0.476903
 0.008013  0.475816
 0.007994  0.474728
 0.007976  0.473641
 0.007957  0.472553
 0.007938  0.471465
 0.007920  0.470378
 0.007901  0.469290
 0.007882  0.468203
 0.007863  0.467115
 0.007845  0.466028
 0.007826  0.464940
 0.007808  0.463853
 0.007789  0.462765
 0.007770  0.461678
 0.007752  0.460590
 0.007733  0.459503
 0.007714  0.458415
 0.007695  0.457328
 0.007677  0.456240
 0.007658  0.455153
 0.007640  0.454065
 0.007621  0.452978
 0.007602  0.451890
 0.007584  0.450803
 0.007565  0.449715
 0.007547  0.448628
 0.007528  0.447540
 0.007509  0.446452
 0.007491  0.445365
 0.007472  0.444277
 0.007453  0.443190
 0.007435  0.442102
 0.007416  0.441015
 0.007397  0.439927
 0.007379  0.438840
 0.007360  0.437752
 0.007341  0.436665
 0.007323  0.435577
 0.007304  0.434490
 0.007285  0.433402
 0.007267  0.432315
 0.007248  0.431227
 0.007230  0.430140
 0.007211  0.429052
 0.007192  0.427965
 0.007174  0.426877
 0.007155  0.425790
 0.007137  0.424702
 0.007118  0.423615
 0.007099  0.422527
 0.007081  0.421440
 0.007062  0.420352
 0.007044  0.419264
 0.007025  0.418177
 0.007007  0.417089
 0.006988  0.416002
 0.006970  0.414914
 0.006951  0.413827
 0.006932  0.412739
 0.006914  0.411652
 0.006895  0.410564
 0.006877  0.409477
 0.006858  0.408389
 0.006839  0.407302
 0.006821  0.406214
 0.006802  0.405127
 0.006784  0.404039
 0.006765  0.402952
 0.006746  0.401864
 0.006728  0.400777
 0.006710  0.399689
 0.006691  0.398602
 0.006672  0.397514
 0.006654  0.396427
 0.006635  0.395339
 0.006617  0.394252
 0.006598  0.393164
 0.006579  0.392077
 0.006561  0.390989
 0.006543  0.389901
 0.006524  0.388814
 0.006505  0.387726
 0.006487  0.386639
 0.006468  0.385551
 0.006450  0.384464
 0.006431  0.383376
 0.006412  0.382289
 0.006394  0.381201
 0.006376  0.380114
 0.006357  0.379026
 0.006338  0.377939
 0.006320  0.376851
 0.006301  0.375764
 0.006283  0.374676
 0.006265  0.373589
 0.006246  0.372501
 0.006227  0.371414
 0.006209  0.370326
 0.006190  0.369239
 0.006172  0.368151
 0.006153  0.367064
 0.006135  0.365976
 0.006116  0.364889
 0.006098  0.363801
 0.006079  0.362713
 0.006061  0.361626
 0.006042  0.360538
 0.006024  0.359451
 0.006005  0.358363
 0.005987  0.357276
 0.005968  0.356188
 0.005950  0.355101
 0.005931  0.354013
 0.005913  0.352926
 0.005894  0.351838
 0.005876  0.350751
 0.005857  0.349663
 0.005839  0.348576
 0.005821  0.347488
 0.005802  0.346401
 0.005783  0.345313
 0.005765  0.344226
 0.005747  0.343138
 0.005728  0.342051
 0.005709  0.340963
 0.005691  0.339876
 0.005673  0.338788
 0.005654  0.337701
 0.005636  0.336613
 0.005617  0.335526
 0.005599  0.334438
 0.005580  0.333351
 0.005562  0.332263
 0.005544  0.331176
 0.005525  0.330088
 0.005506  0.329001
 0.005488  0.327913
 0.005470  0.326826
 0.005451  0.325738
 0.005432  0.324651
 0.005414  0.323563
 0.005396  0.322476
 0.005377  0.321388
 0.005359  0.320301
 0.005340  0.319213
 0.005322  0.318126
 0.005304  0.317038
 0.005285  0.315951
 0.005267  0.314863
 0.005248  0.313776
 0.005230  0.312688
 0.005211  0.311601
 0.005193  0.310513
 0.005175  0.309426
 0.005156  0.308338
 0.005138  0.307251
 0.005119  0.306163
 0.005101  0.305076
 0.005083  0.303988
 0.005064  0.302901
 0.005045  0.301813
 0.005027  0.300726
 0.005009  0.299638
 0.004991  0.298551
 0.004972  0.297463
 0.004953  0.296376
 0.004935  0.295288
 0.004917  0.294201
 0.004899  0.293113
 0.004880  0.292026
 0.004861  0.290938
 0.004843  0.289851
 0.004825  0.288763
 0.004807  0.287676
 0.004788  0.286588
 0.004770  0.285501
 0.004751  0.284413
 0.004733  0.283326
 0.004715  0.282238
 0.004696  0.281151
 0.004678  0.280063
 0.004659  0.278976
 0.004641  0.277888
 0.004623  0.276801
 0.004604  0.275713
 0.004586  0.274626
 0.004567  0.273538
 0.004549  0.272451
 0.004531  0.271363
 0.004513  0.270276
 0.004494  0.269188
 0.004476  0.268101
 0.004457  0.267013
 0.004439  0.265926
 0.004421  0.264838
 0.004402  0.263751
 0.004384  0.262663
 0.004365  0.261576
 0.004347  0.260488
 0.004329  0.259401
 0.004311  0.258313
 0.004292  0.257226
 0.004274  0.256138
 0.004255  0.255051
 0.004237  0.253963
 0.004219  0.252876
 0.004201  0.251788
 0.004182  0.250701
 0.004164  0.249613
 0.004146  0.248526
 0.004127  0.247438
 0.004109  0.246351
 0.004091  0.245263
 0.004072  0.244176
 0.004054  0.243088
 0.004036  0.242001
 0.004017  0.240913
 0.003999  0.239826
 0.003981  0.238738
 0.003962  0.237651
 0.003944  0.236563
 0.003926  0.235476
 0.003908  0.234388
 0.003889  0.233301
 0.003871  0.232213
 0.003852  0.231126
 0.003834  0.230038
 0.003816  0.228951
 0.003798  0.227863
 0.003779  0.226776
 0.003761  0.225688
 0.003743  0.224601
 0.003724  0.223513
 0.003706  0.222426
 0.003688  0.221338
 0.003669  0.220251
 0.003651  0.219163
 0.003633  0.218076
 0.003615  0.216988
 0.003597  0.215901
 0.003578  0.214813
 0.003560  0.213726
 0.003542  0.212638
 0.003523  0.211551
 0.003505  0.210463
 0.003487  0.209376
 0.003468  0.208288
 0.003450  0.207201
 0.003432  0.206113
 0.003414  0.205026
 0.003396  0.203938
 0.003377  0.202851
 0.003359  0.201763
 0.003341  0.200676
 0.003322  0.199588
 0.003304  0.198501
 0.003286  0.197413
 0.003268  0.196326
 0.003249  0.195238
 0.003231  0.194151
 0.003213  0.193063
 0.003195  0.191976
 0.003177  0.190888
 0.003158  0.189801
 0.003140  0.188713
 0.003122  0.187626
 0.003104  0.186538
 0.003085  0.185451
 0.003067  0.184363
 0.003049  0.183276
 0.003030  0.182188
 0.003012  0.181101
 0.002994  0.180013
 0.002976  0.178926
 0.002958  0.177838
 0.002939  0.176751
 0.002921  0.175663
 0.002903  0.174576
 0.002885  0.173488
 0.002867  0.172401
 0.002849  0.171313
 0.002830  0.170226
 0.002812  0.169138
 0.002794  0.168051
 0.002776  0.166963
 0.002757  0.165876
 0.002739  0.164788
 0.002721  0.163701
 0.002703  0.162613
 0.002685  0.161526
 0.002666  0.160438
 0.002648  0.159351
 0.002630  0.158263
 0.002612  0.157176
 0.002593  0.156088
 0.002575  0.155001
 0.002557  0.153913
 0.002539  0.152826
 0.002521  0.151738
 0.002503  0.150651
 0.002484  0.149563
 0.002466  0.148476
 0.002448  0.147388
 0.002430  0.146301
 0.002412  0.145213
 0.002394  0.144126
 0.002375  0.143038
 0.002357  0.141951
 0.002339  0.140863
 0.002321  0.139776
 0.002303  0.138688
 0.002285  0.137601
 0.002266  0.136513
 0.002248  0.135426
 0.002230  0.134338
 0.002212  0.133251
 0.002194  0.132163
 0.002176  0.131076
 0.002157  0.129988
 0.002139  0.128901
 0.002121  0.127813
 0.002103  0.126726
 0.002085  0.125638
 0.002067  0.124551
 0.002049  0.123463
 0.002030  0.122376
 0.002012  0.121288
 0.001994  0.120201
 0.001976  0.119113
 0.001958  0.118026
 0.001940  0.116938
 0.001922  0.115851
 0.001904  0.114763
 0.001885  0.113676
 0.001867  0.112588
 0.001849  0.111501
 0.001831  0.110413
